Step,Sequence,Choices,Sum
368757,"[-1 12 -66 -220 495 -792 0 792 0 0 0 12 1 ]","-+--+-0+000++",233
356373,"[-1 12 -66 -220 -495 -792 924 792 0 0 66 12 1 ]","-+----++00+++",233
362277,"[-1 12 -66 -220 0 -792 0 792 495 0 0 12 1 ]","-+--0-0++00++",233
362853,"[-1 12 -66 -220 0 -792 924 792 -495 0 66 12 1 ]","-+--0-++-0+++",233
360261,"[-1 12 -66 -220 -495 792 924 -792 0 0 66 12 1 ]","-+---++-00+++",233
364221,"[-1 12 -66 -220 0 0 0 0 495 0 0 12 1 ]","-+--0000+00++",233
358317,"[-1 12 -66 -220 -495 0 924 0 0 0 66 12 1 ]","-+---0+000+++",233
364797,"[-1 12 -66 -220 0 0 924 0 -495 0 66 12 1 ]","-+--00+0-0+++",233
366741,"[-1 12 -66 -220 0 792 924 -792 -495 0 66 12 1 ]","-+--0++--0+++",233
385821,"[-1 12 -66 0 0 792 0 -792 495 -220 0 12 1 ]","-+-00+0-+-0++",233
370701,"[-1 12 -66 -220 495 0 0 0 0 0 0 12 1 ]","-+--+000000++",233
376029,"[-1 12 -66 0 -495 -792 924 792 0 -220 66 12 1 ]","-+-0--++0-+++",233
377973,"[-1 12 -66 0 -495 0 924 0 0 -220 66 12 1 ]","-+-0-0+00-+++",233
381933,"[-1 12 -66 0 0 -792 0 792 495 -220 0 12 1 ]","-+-00-0++-0++",233
372645,"[-1 12 -66 -220 495 792 0 -792 0 0 0 12 1 ]","-+--++0-000++",233
382509,"[-1 12 -66 0 0 -792 924 792 -495 -220 66 12 1 ]","-+-00-++--+++",233
366165,"[-1 12 -66 -220 0 792 0 -792 495 0 0 12 1 ]","-+--0+0-+00++",233
384453,"[-1 12 -66 0 0 0 924 0 -495 -220 66 12 1 ]","-+-000+0--+++",233
390357,"[-1 12 -66 0 495 0 0 0 0 -220 0 12 1 ]","-+-0+0000-0++",233
379917,"[-1 12 -66 0 -495 792 924 -792 0 -220 66 12 1 ]","-+-0-++-0-+++",233
383877,"[-1 12 -66 0 0 0 0 0 495 -220 0 12 1 ]","-+-00000+-0++",233
392301,"[-1 12 -66 0 495 792 0 -792 0 -220 0 12 1 ]","-+-0++0-0-0++",233
401913,"[-1 12 -66 220 0 -792 924 -792 495 220 0 12 1 ]","-+-+0-+-++0++",233
388413,"[-1 12 -66 0 495 -792 0 792 0 -220 0 12 1 ]","-+-0+-0+0-0++",233
386397,"[-1 12 -66 0 0 792 924 -792 -495 -220 66 12 1 ]","-+-00++---+++",233
415413,"[-1 12 0 -220 -495 -792 924 792 0 0 0 12 1 ]","-+0---++000++",233
417357,"[-1 12 0 -220 -495 0 924 0 0 0 0 12 1 ]","-+0--0+0000++",233
422793,"[-1 12 0 -220 0 0 -924 792 495 0 66 12 1 ]","-+0-00-++0+++",233
421893,"[-1 12 0 -220 0 -792 924 792 -495 0 0 12 1 ]","-+0-0-++-00++",233
419301,"[-1 12 0 -220 -495 792 924 -792 0 0 0 12 1 ]","-+0--++-000++",233
408393,"[-1 12 -66 220 495 -792 924 -792 0 220 0 12 1 ]","-+-++-+-0+0++",233
427797,"[-1 12 0 -220 495 -792 0 792 0 0 -66 12 1 ]","-+0-+-0+00-++",233
423837,"[-1 12 0 -220 0 0 924 0 -495 0 0 12 1 ]","-+0-00+0-00++",233
421317,"[-1 12 0 -220 0 -792 0 792 495 0 -66 12 1 ]","-+0-0-0++0-++",233
425205,"[-1 12 0 -220 0 792 0 -792 495 0 -66 12 1 ]","-+0-0+0-+0-++",233
429741,"[-1 12 0 -220 495 0 0 0 0 0 -66 12 1 ]","-+0-+00000-++",233
431217,"[-1 12 0 -220 495 792 -924 0 0 0 66 12 1 ]","-+0-++-000+++",233
425781,"[-1 12 0 -220 0 792 924 -792 -495 0 0 12 1 ]","-+0-0++--00++",233
423261,"[-1 12 0 -220 0 0 0 0 495 0 -66 12 1 ]","-+0-0000+0-++",233
442917,"[-1 12 0 0 0 0 0 0 495 -220 -66 12 1 ]","-+000000+--++",233
444393,"[-1 12 0 0 0 792 -924 0 495 -220 66 12 1 ]","-+000+-0+-+++",233
431685,"[-1 12 0 -220 495 792 0 -792 0 0 -66 12 1 ]","-+0-++0-00-++",233
437013,"[-1 12 0 0 -495 0 924 0 0 -220 0 12 1 ]","-+00-0+00-0++",233
424737,"[-1 12 0 -220 0 792 -924 0 495 0 66 12 1 ]","-+0-0+-0+0+++",233
443493,"[-1 12 0 0 0 0 924 0 -495 -220 0 12 1 ]","-+0000+0--0++",233
440973,"[-1 12 0 0 0 -792 0 792 495 -220 -66 12 1 ]","-+000-0++--++",233
429273,"[-1 12 0 -220 495 0 -924 792 0 0 66 12 1 ]","-+0-+0-+00+++",233
438957,"[-1 12 0 0 -495 792 924 -792 0 -220 0 12 1 ]","-+00-++-0-0++",233
435069,"[-1 12 0 0 -495 -792 924 792 0 -220 0 12 1 ]","-+00--++0-0++",233
449397,"[-1 12 0 0 495 0 0 0 0 -220 -66 12 1 ]","-+00+0000--++",233
467433,"[-1 12 0 220 495 -792 924 -792 0 220 -66 12 1 ]","-+0++-+-0+-++",233
447453,"[-1 12 0 0 495 -792 0 792 0 -220 -66 12 1 ]","-+00+-0+0--++",233
451341,"[-1 12 0 0 495 792 0 -792 0 -220 -66 12 1 ]","-+00++0-0--++",233
460953,"[-1 12 0 220 0 -792 924 -792 495 220 -66 12 1 ]","-+0+0-+-++-++",233
445437,"[-1 12 0 0 0 792 924 -792 -495 -220 0 12 1 ]","-+000++---0++",233
444861,"[-1 12 0 0 0 792 0 -792 495 -220 -66 12 1 ]","-+000+0-+--++",233
442449,"[-1 12 0 0 0 0 -924 792 495 -220 66 12 1 ]","-+0000-++-+++",233
462429,"[-1 12 0 220 0 0 0 -792 495 220 66 12 1 ]","-+0+000-+++++",233
448929,"[-1 12 0 0 495 0 -924 792 0 -220 66 12 1 ]","-+00+0-+0-+++",233
441549,"[-1 12 0 0 0 -792 924 792 -495 -220 0 12 1 ]","-+000-++--0++",233
468909,"[-1 12 0 220 495 0 0 -792 0 220 66 12 1 ]","-+0++00-0++++",233
450873,"[-1 12 0 0 495 792 -924 0 0 -220 66 12 1 ]","-+00++-00-+++",233
484353,"[-1 12 66 -220 0 792 0 0 -495 0 66 12 1 ]","-++-0+00-0+++",233
460485,"[-1 12 0 220 0 -792 0 0 495 220 66 12 1 ]","-+0+0-00+++++",233
480933,"[-1 12 66 -220 0 -792 924 792 -495 0 -66 12 1 ]","-++-0-++-0-++",233
466965,"[-1 12 0 220 495 -792 0 0 0 220 66 12 1 ]","-+0++-000++++",233
474453,"[-1 12 66 -220 -495 -792 924 792 0 0 -66 12 1 ]","-++---++00-++",233
476397,"[-1 12 66 -220 -495 0 924 0 0 0 -66 12 1 ]","-++--0+000-++",233
481833,"[-1 12 66 -220 0 0 -924 792 495 0 0 12 1 ]","-++-00-++00++",233
477873,"[-1 12 66 -220 -495 792 0 0 0 0 66 12 1 ]","-++--+0000+++",233
475929,"[-1 12 66 -220 -495 0 0 792 0 0 66 12 1 ]","-++--00+00+++",233
482877,"[-1 12 66 -220 0 0 924 0 -495 0 -66 12 1 ]","-++-00+0-0-++",233
484821,"[-1 12 66 -220 0 792 924 -792 -495 0 -66 12 1 ]","-++-0++--0-++",233
496053,"[-1 12 66 0 -495 0 924 0 0 -220 -66 12 1 ]","-++0-0+00--++",233
478341,"[-1 12 66 -220 -495 792 924 -792 0 0 -66 12 1 ]","-++--++-00-++",233
497997,"[-1 12 66 0 -495 792 924 -792 0 -220 -66 12 1 ]","-++0-++-0--++",233
482409,"[-1 12 66 -220 0 0 0 792 -495 0 66 12 1 ]","-++-000+-0+++",233
488313,"[-1 12 66 -220 495 0 -924 792 0 0 0 12 1 ]","-++-+0-+000++",233
501489,"[-1 12 66 0 0 0 -924 792 495 -220 0 12 1 ]","-++000-++-0++",233
483777,"[-1 12 66 -220 0 792 -924 0 495 0 0 12 1 ]","-++-0+-0+00++",233
502065,"[-1 12 66 0 0 0 0 792 -495 -220 66 12 1 ]","-++0000+--+++",233
497529,"[-1 12 66 0 -495 792 0 0 0 -220 66 12 1 ]","-++0-+000-+++",233
503433,"[-1 12 66 0 0 792 -924 0 495 -220 0 12 1 ]","-++00+-0+-0++",233
490257,"[-1 12 66 -220 495 792 -924 0 0 0 0 12 1 ]","-++-++-0000++",233
504477,"[-1 12 66 0 0 792 924 -792 -495 -220 -66 12 1 ]","-++00++----++",233
494109,"[-1 12 66 0 -495 -792 924 792 0 -220 -66 12 1 ]","-++0--++0--++",233
502533,"[-1 12 66 0 0 0 924 0 -495 -220 -66 12 1 ]","-++000+0---++",233
515565,"[-1 12 66 220 -495 0 924 -792 0 220 66 12 1 ]","-+++-0+-0++++",233
521469,"[-1 12 66 220 0 0 0 -792 495 220 0 12 1 ]","-+++000-++0++",233
520101,"[-1 12 66 220 0 -792 924 0 -495 220 66 12 1 ]","-+++0-+0-++++",233
507969,"[-1 12 66 0 495 0 -924 792 0 -220 0 12 1 ]","-++0+0-+0-0++",233
509913,"[-1 12 66 0 495 792 -924 0 0 -220 0 12 1 ]","-++0++-00-0++",233
500589,"[-1 12 66 0 0 -792 924 792 -495 -220 -66 12 1 ]","-++00-++---++",233
495585,"[-1 12 66 0 -495 0 0 792 0 -220 66 12 1 ]","-++0-00+0-+++",233
513621,"[-1 12 66 220 -495 -792 924 0 0 220 66 12 1 ]","-+++--+00++++",233
522045,"[-1 12 66 220 0 0 924 -792 -495 220 66 12 1 ]","-+++00+--++++",233
504009,"[-1 12 66 0 0 792 0 0 -495 -220 66 12 1 ]","-++00+00--+++",233
526005,"[-1 12 66 220 495 -792 0 0 0 220 0 12 1 ]","-++++-000+0++",233
519525,"[-1 12 66 220 0 -792 0 0 495 220 0 12 1 ]","-+++0-00++0++",233
527949,"[-1 12 66 220 495 0 0 -792 0 220 0 12 1 ]","-++++00-0+0++",233
712161,"[0 0 -66 -220 -495 0 0 792 495 -220 -66 12 1 ]","00---00++--++",233
713637,"[0 0 -66 -220 -495 792 -924 792 495 -220 66 12 1 ]","00---+-++-+++",233
714105,"[0 0 -66 -220 -495 792 0 0 495 -220 -66 12 1 ]","00---+00+--++",233
714681,"[0 0 -66 -220 -495 792 924 0 -495 -220 0 12 1 ]","00---++0--0++",233
725121,"[0 0 -66 -220 495 0 0 792 -495 -220 -66 12 1 ]","00--+00+---++",233
720117,"[0 0 -66 -220 0 792 -924 792 0 -220 66 12 1 ]","00--0+-+0-+++",233
736677,"[0 0 -66 0 0 -792 924 0 0 220 -66 12 1 ]","00-00-+00+-++",233
733617,"[0 0 -66 0 -495 792 0 -792 495 220 66 12 1 ]","00-0-+0-+++++",233
712737,"[0 0 -66 -220 -495 0 924 792 -495 -220 0 12 1 ]","00---0++--0++",233
731673,"[0 0 -66 0 -495 0 0 0 495 220 66 12 1 ]","00-0-000+++++",233
718641,"[0 0 -66 -220 0 0 0 792 0 -220 -66 12 1 ]","00--000+0--++",233
730197,"[0 0 -66 0 -495 -792 924 0 495 220 -66 12 1 ]","00-0--+0++-++",233
736209,"[0 0 -66 0 0 -792 0 792 0 220 66 12 1 ]","00-00-0+0++++",233
720585,"[0 0 -66 -220 0 792 0 0 0 -220 -66 12 1 ]","00--0+000--++",233
727065,"[0 0 -66 -220 495 792 0 0 -495 -220 -66 12 1 ]","00--++00---++",233
729729,"[0 0 -66 0 -495 -792 0 792 495 220 66 12 1 ]","00-0--0++++++",233
744057,"[0 0 -66 0 495 0 -924 0 495 220 0 12 1 ]","00-0+0-0++0++",233
744633,"[0 0 -66 0 495 0 0 0 -495 220 66 12 1 ]","00-0+000-++++",233
726597,"[0 0 -66 -220 495 792 -924 792 -495 -220 66 12 1 ]","00--++-+--+++",233
738621,"[0 0 -66 0 0 0 924 -792 0 220 -66 12 1 ]","00-000+-0+-++",233
738153,"[0 0 -66 0 0 0 0 0 0 220 66 12 1 ]","00-000000++++",233
751329,"[0 0 -66 220 -495 0 0 0 495 0 66 12 1 ]","00-+-000+0+++",233
743157,"[0 0 -66 0 495 -792 924 0 -495 220 -66 12 1 ]","00-0+-+0-+-++",233
753273,"[0 0 -66 220 -495 792 0 -792 495 0 66 12 1 ]","00-+-+0-+0+++",233
746001,"[0 0 -66 0 495 792 -924 -792 495 220 0 12 1 ]","00-0++--++0++",233
751797,"[0 0 -66 220 -495 0 924 -792 495 0 -66 12 1 ]","00-+-0+-+0-++",233
749385,"[0 0 -66 220 -495 -792 0 792 495 0 66 12 1 ]","00-+--0++0+++",233
762813,"[0 0 -66 220 495 -792 924 0 -495 0 -66 12 1 ]","00-++-+0-0-++",233
740097,"[0 0 -66 0 0 792 0 -792 0 220 66 12 1 ]","00-00+0-0++++",233
746577,"[0 0 -66 0 495 792 0 -792 -495 220 66 12 1 ]","00-0++0--++++",233
764289,"[0 0 -66 220 495 0 0 0 -495 0 66 12 1 ]","00-++000-0+++",233
742689,"[0 0 -66 0 495 -792 0 792 -495 220 66 12 1 ]","00-0+-0+-++++",233
732141,"[0 0 -66 0 -495 0 924 -792 495 220 -66 12 1 ]","00-0-0+-++-++",233
757809,"[0 0 -66 220 0 0 0 0 0 0 66 12 1 ]","00-+000000+++",233
761769,"[0 0 -66 220 495 -792 -924 792 495 0 0 12 1 ]","00-++--++00++",233
742113,"[0 0 -66 0 495 -792 -924 792 495 220 0 12 1 ]","00-0+--+++0++",233
745101,"[0 0 -66 0 495 0 924 -792 -495 220 -66 12 1 ]","00-0+0+--+-++",233
749853,"[0 0 -66 220 -495 -792 924 0 495 0 -66 12 1 ]","00-+--+0+0-++",233
755865,"[0 0 -66 220 0 -792 0 792 0 0 66 12 1 ]","00-+0-0+00+++",233
765657,"[0 0 -66 220 495 792 -924 -792 495 0 0 12 1 ]","00-+++--+00++",233
763713,"[0 0 -66 220 495 0 -924 0 495 0 0 12 1 ]","00-++0-0+00++",233
773253,"[0 0 0 -220 -495 792 0 792 -495 -220 66 12 1 ]","000--+0+--+++",233
756333,"[0 0 -66 220 0 -792 924 0 0 0 -66 12 1 ]","00-+0-+000-++",233
766233,"[0 0 -66 220 495 792 0 -792 -495 0 66 12 1 ]","00-+++0--0+++",233
759753,"[0 0 -66 220 0 792 0 -792 0 0 66 12 1 ]","00-+0+0-00+++",233
772677,"[0 0 0 -220 -495 792 -924 792 495 -220 0 12 1 ]","000--+-++-0++",233
758277,"[0 0 -66 220 0 0 924 -792 0 0 -66 12 1 ]","00-+00+-00-++",233
762345,"[0 0 -66 220 495 -792 0 792 -495 0 66 12 1 ]","00-++-0+-0+++",233
771777,"[0 0 0 -220 -495 0 924 792 -495 -220 -66 12 1 ]","000--0++---++",233
773721,"[0 0 0 -220 -495 792 924 0 -495 -220 -66 12 1 ]","000--++0---++",233
764757,"[0 0 -66 220 495 0 924 -792 -495 0 -66 12 1 ]","00-++0+--0-++",233
795249,"[0 0 0 0 0 -792 0 792 0 220 0 12 1 ]","00000-0+0+0++",233
791289,"[0 0 0 0 -495 0 924 0 -495 220 66 12 1 ]","0000-0+0-++++",233
785637,"[0 0 0 -220 495 792 -924 792 -495 -220 0 12 1 ]","000-++-+--0++",233
799137,"[0 0 0 0 0 792 0 -792 0 220 0 12 1 ]","00000+0-0+0++",233
805041,"[0 0 0 0 495 792 -924 -792 495 220 -66 12 1 ]","0000++--++-++",233
788769,"[0 0 0 0 -495 -792 0 792 495 220 0 12 1 ]","0000--0+++0++",233
789345,"[0 0 0 0 -495 -792 924 792 -495 220 66 12 1 ]","0000--++-++++",233
801729,"[0 0 0 0 495 -792 0 792 -495 220 0 12 1 ]","0000+-0+-+0++",233
797193,"[0 0 0 0 0 0 0 0 0 220 0 12 1 ]","000000000+0++",233
779157,"[0 0 0 -220 0 792 -924 792 0 -220 0 12 1 ]","000-0+-+0-0++",233
793233,"[0 0 0 0 -495 792 924 -792 -495 220 66 12 1 ]","0000-++--++++",233
790713,"[0 0 0 0 -495 0 0 0 495 220 0 12 1 ]","0000-000++0++",233
812889,"[0 0 0 220 -495 792 924 -792 -495 0 66 12 1 ]","000+-++--0+++",233
814905,"[0 0 0 220 0 -792 0 792 0 0 0 12 1 ]","000+0-0+000++",233
805617,"[0 0 0 0 495 792 0 -792 -495 220 0 12 1 ]","0000++0--+0++",233
810369,"[0 0 0 220 -495 0 0 0 495 0 0 12 1 ]","000+-000+00++",233
801153,"[0 0 0 0 495 -792 -924 792 495 220 -66 12 1 ]","0000+--+++-++",233
808425,"[0 0 0 220 -495 -792 0 792 495 0 0 12 1 ]","000+--0++00++",233
792657,"[0 0 0 0 -495 792 0 -792 495 220 0 12 1 ]","0000-+0-++0++",233
803673,"[0 0 0 0 495 0 0 0 -495 220 0 12 1 ]","0000+000-+0++",233
818793,"[0 0 0 220 0 792 0 -792 0 0 0 12 1 ]","000+0+0-000++",233
824697,"[0 0 0 220 495 792 -924 -792 495 0 -66 12 1 ]","000+++--+0-++",233
809001,"[0 0 0 220 -495 -792 924 792 -495 0 66 12 1 ]","000+--++-0+++",233
803097,"[0 0 0 0 495 0 -924 0 495 220 -66 12 1 ]","0000+0-0++-++",233
820809,"[0 0 0 220 495 -792 -924 792 495 0 -66 12 1 ]","000++--++0-++",233
810945,"[0 0 0 220 -495 0 924 0 -495 0 66 12 1 ]","000+-0+0-0+++",233
816849,"[0 0 0 220 0 0 0 0 0 0 0 12 1 ]","000+0000000++",233
821385,"[0 0 0 220 495 -792 0 792 -495 0 0 12 1 ]","000++-0+-00++",233
822753,"[0 0 0 220 495 0 -924 0 495 0 -66 12 1 ]","000++0-0+0-++",233
823329,"[0 0 0 220 495 0 0 0 -495 0 0 12 1 ]","000++000-00++",233
812313,"[0 0 0 220 -495 792 0 -792 495 0 0 12 1 ]","000+-+0-+00++",233
832293,"[0 0 66 -220 -495 792 0 792 -495 -220 0 12 1 ]","00+--+0+--0++",233
825273,"[0 0 0 220 495 792 0 -792 -495 0 0 12 1 ]","000+++0--00++",233
831717,"[0 0 66 -220 -495 792 -924 792 495 -220 -66 12 1 ]","00+--+-++--++",233
848385,"[0 0 66 0 -495 -792 924 792 -495 220 0 12 1 ]","00+0--++-+0++",233
838197,"[0 0 66 -220 0 792 -924 792 0 -220 -66 12 1 ]","00+-0+-+0--++",233
851697,"[0 0 66 0 -495 792 0 -792 495 220 -66 12 1 ]","00+0-+0-++-++",233
849753,"[0 0 66 0 -495 0 0 0 495 220 -66 12 1 ]","00+0-000++-++",233
850329,"[0 0 66 0 -495 0 924 0 -495 220 0 12 1 ]","00+0-0+0-+0++",233
847809,"[0 0 66 0 -495 -792 0 792 495 220 -66 12 1 ]","00+0--0+++-++",233
849285,"[0 0 66 0 -495 0 -924 792 495 220 66 12 1 ]","00+0-0-++++++",233
844677,"[0 0 66 -220 495 792 -924 792 -495 -220 -66 12 1 ]","00+-++-+---++",233
852273,"[0 0 66 0 -495 792 924 -792 -495 220 0 12 1 ]","00+0-++--+0++",233
855765,"[0 0 66 0 0 0 -924 792 0 220 66 12 1 ]","00+000-+0++++",233
869409,"[0 0 66 220 -495 0 0 0 495 0 -66 12 1 ]","00++-000+0-++",233
858177,"[0 0 66 0 0 792 0 -792 0 220 -66 12 1 ]","00+00+0-0+-++",233
857709,"[0 0 66 0 0 792 -924 0 0 220 66 12 1 ]","00+00+-00++++",233
860769,"[0 0 66 0 495 -792 0 792 -495 220 -66 12 1 ]","00+0+-0+-+-++",233
854289,"[0 0 66 0 0 -792 0 792 0 220 -66 12 1 ]","00+00-0+0+-++",233
867465,"[0 0 66 220 -495 -792 0 792 495 0 -66 12 1 ]","00++--0++0-++",233
871353,"[0 0 66 220 -495 792 0 -792 495 0 -66 12 1 ]","00++-+0-+0-++",233
862245,"[0 0 66 0 495 0 -924 792 -495 220 66 12 1 ]","00+0+0-+-++++",233
868041,"[0 0 66 220 -495 -792 924 792 -495 0 0 12 1 ]","00++--++-00++",233
864189,"[0 0 66 0 495 792 -924 0 -495 220 66 12 1 ]","00+0++-0-++++",233
889881,"[0 12 -66 -220 -495 0 924 792 -495 -220 0 0 1 ]","0+---0++--00+",233
856233,"[0 0 66 0 0 0 0 0 0 220 -66 12 1 ]","00+000000+-++",233
862713,"[0 0 66 0 495 0 0 0 -495 220 -66 12 1 ]","00+0+000-+-++",233
869985,"[0 0 66 220 -495 0 924 0 -495 0 0 12 1 ]","00++-0+0-00++",233
875889,"[0 0 66 220 0 0 0 0 0 0 -66 12 1 ]","00++000000-++",233
864657,"[0 0 66 0 495 792 0 -792 -495 220 -66 12 1 ]","00+0++0--+-++",233
873945,"[0 0 66 220 0 -792 0 792 0 0 -66 12 1 ]","00++0-0+00-++",233
871929,"[0 0 66 220 -495 792 924 -792 -495 0 0 12 1 ]","00++-++--00++",233
877833,"[0 0 66 220 0 792 0 -792 0 0 -66 12 1 ]","00++0+0-00-++",233
880425,"[0 0 66 220 495 -792 0 792 -495 0 -66 12 1 ]","00+++-0+-0-++",233
868941,"[0 0 66 220 -495 0 -924 792 495 0 66 12 1 ]","00++-0-++0+++",233
870885,"[0 0 66 220 -495 792 -924 0 495 0 66 12 1 ]","00++-+-0+0+++",233
851229,"[0 0 66 0 -495 792 -924 0 495 220 66 12 1 ]","00+0-+-0+++++",233
890781,"[0 12 -66 -220 -495 792 -924 792 495 -220 66 0 1 ]","0+---+-++-+0+",233
875421,"[0 0 66 220 0 0 -924 792 0 0 66 12 1 ]","00++00-+00+++",233
895785,"[0 12 -66 -220 0 0 0 792 0 -220 -66 0 1 ]","0+--000+0--0+",233
893717,"[0 12 -66 -220 0 -792 0 792 495 0 0 12 0 ]","0+--0-0++00+0",233
883845,"[0 0 66 220 495 792 -924 0 -495 0 66 12 1 ]","00++++-0-0+++",233
891249,"[0 12 -66 -220 -495 792 0 0 495 -220 -66 0 1 ]","0+---+00+--0+",233
887813,"[0 12 -66 -220 -495 -792 924 792 0 0 66 12 0 ]","0+----++00++0",233
913821,"[0 12 -66 0 0 -792 924 0 0 220 -66 0 1 ]","0+-00-+00+-0+",233
881901,"[0 0 66 220 495 0 -924 792 -495 0 66 12 1 ]","00+++0-+-0+++",233
882369,"[0 0 66 220 495 0 0 0 -495 0 -66 12 1 ]","00+++000-0-++",233
889757,"[0 12 -66 -220 -495 0 924 0 0 0 66 12 0 ]","0+---0+000++0",233
884313,"[0 0 66 220 495 792 0 -792 -495 0 -66 12 1 ]","00++++0--0-++",233
902265,"[0 12 -66 -220 495 0 0 792 -495 -220 -66 0 1 ]","0+--+00+---0+",233
894293,"[0 12 -66 -220 0 -792 924 792 -495 0 66 12 0 ]","0+--0-++-0++0",233
895661,"[0 12 -66 -220 0 0 0 0 495 0 0 12 0 ]","0+--0000+00+0",233
898181,"[0 12 -66 -220 0 792 924 -792 -495 0 66 12 0 ]","0+--0++--0++0",233
877365,"[0 0 66 220 0 792 -924 0 0 0 66 12 1 ]","00++0+-000+++",233
897261,"[0 12 -66 -220 0 792 -924 792 0 -220 66 0 1 ]","0+--0+-+0-+0+",233
904085,"[0 12 -66 -220 495 792 0 -792 0 0 0 12 0 ]","0+--++0-000+0",233
911357,"[0 12 -66 0 -495 792 924 -792 0 -220 66 12 0 ]","0+-0-++-0-++0",233
896237,"[0 12 -66 -220 0 0 924 0 -495 0 66 12 0 ]","0+--00+0-0++0",233
909285,"[0 12 -66 0 -495 0 924 -792 495 220 -66 0 1 ]","0+-0-0+-++-0+",233
919257,"[0 12 -66 0 495 -792 -924 792 495 220 0 0 1 ]","0+-0+--+++00+",233
900197,"[0 12 -66 -220 495 -792 0 792 0 0 0 12 0 ]","0+--+-0+000+0",233
919853,"[0 12 -66 0 495 -792 0 792 0 -220 0 12 0 ]","0+-0+-0+0-0+0",233
917241,"[0 12 -66 0 0 792 0 -792 0 220 66 0 1 ]","0+-00+0-0++0+",233
889305,"[0 12 -66 -220 -495 0 0 792 495 -220 -66 0 1 ]","0+---00++--0+",233
909413,"[0 12 -66 0 -495 0 924 0 0 -220 66 12 0 ]","0+-0-0+00-++0",233
891701,"[0 12 -66 -220 -495 792 924 -792 0 0 66 12 0 ]","0+---++-00++0",233
902141,"[0 12 -66 -220 495 0 0 0 0 0 0 12 0 ]","0+--+000000+0",233
904209,"[0 12 -66 -220 495 792 0 0 -495 -220 -66 0 1 ]","0+--++00---0+",233
891825,"[0 12 -66 -220 -495 792 924 0 -495 -220 0 0 1 ]","0+---++0--00+",233
919833,"[0 12 -66 0 495 -792 0 792 -495 220 66 0 1 ]","0+-0+-0+-++0+",233
906873,"[0 12 -66 0 -495 -792 0 792 495 220 66 0 1 ]","0+-0--0++++0+",233
908817,"[0 12 -66 0 -495 0 0 0 495 220 66 0 1 ]","0+-0-000+++0+",233
897605,"[0 12 -66 -220 0 792 0 -792 495 0 0 12 0 ]","0+--0+0-+00+0",233
913353,"[0 12 -66 0 0 -792 0 792 0 220 66 0 1 ]","0+-00-0+0++0+",233
913373,"[0 12 -66 0 0 -792 0 792 495 -220 0 12 0 ]","0+-00-0++-0+0",233
897729,"[0 12 -66 -220 0 792 0 0 0 -220 -66 0 1 ]","0+--0+000--0+",233
907469,"[0 12 -66 0 -495 -792 924 792 0 -220 66 12 0 ]","0+-0--++0-++0",233
903741,"[0 12 -66 -220 495 792 -924 792 -495 -220 66 0 1 ]","0+--++-+--+0+",233
907341,"[0 12 -66 0 -495 -792 924 0 495 220 -66 0 1 ]","0+-0--+0++-0+",233
920301,"[0 12 -66 0 495 -792 924 0 -495 220 -66 0 1 ]","0+-0+-+0-+-0+",233
942801,"[0 12 -66 220 495 792 -924 -792 495 0 0 0 1 ]","0+-+++--+000+",233
913949,"[0 12 -66 0 0 -792 924 792 -495 -220 66 12 0 ]","0+-00-++--++0",233
935421,"[0 12 -66 220 0 0 924 -792 0 0 -66 0 1 ]","0+-+00+-00-0+",233
921201,"[0 12 -66 0 495 0 -924 0 495 220 0 0 1 ]","0+-0+0-0++00+",233
915893,"[0 12 -66 0 0 0 924 0 -495 -220 66 12 0 ]","0+-000+0--++0",233
930417,"[0 12 -66 220 -495 792 0 -792 495 0 66 0 1 ]","0+-+-+0-+0+0+",233
938913,"[0 12 -66 220 495 -792 -924 792 495 0 0 0 1 ]","0+-++--++000+",233
928473,"[0 12 -66 220 -495 0 0 0 495 0 66 0 1 ]","0+-+-000+0+0+",233
915765,"[0 12 -66 0 0 0 924 -792 0 220 -66 0 1 ]","0+-000+-0+-0+",233
933353,"[0 12 -66 220 0 -792 924 -792 495 220 0 12 0 ]","0+-+0-+-++0+0",233
921797,"[0 12 -66 0 495 0 0 0 0 -220 0 12 0 ]","0+-0+0000-0+0",233
921777,"[0 12 -66 0 495 0 0 0 -495 220 66 0 1 ]","0+-0+000-++0+",233
917261,"[0 12 -66 0 0 792 0 -792 495 -220 0 12 0 ]","0+-00+0-+-0+0",233
923145,"[0 12 -66 0 495 792 -924 -792 495 220 0 0 1 ]","0+-0++--++00+",233
933477,"[0 12 -66 220 0 -792 924 0 0 0 -66 0 1 ]","0+-+0-+000-0+",233
943377,"[0 12 -66 220 495 792 0 -792 -495 0 66 0 1 ]","0+-+++0--0+0+",233
939957,"[0 12 -66 220 495 -792 924 0 -495 0 -66 0 1 ]","0+-++-+0-0-0+",233
939833,"[0 12 -66 220 495 -792 924 -792 0 220 0 12 0 ]","0+-++-+-0+0+0",233
917837,"[0 12 -66 0 0 792 924 -792 -495 -220 66 12 0 ]","0+-00++---++0",233
915297,"[0 12 -66 0 0 0 0 0 0 220 66 0 1 ]","0+-000000++0+",233
915317,"[0 12 -66 0 0 0 0 0 495 -220 0 12 0 ]","0+-00000+-0+0",233
946853,"[0 12 0 -220 -495 -792 924 792 0 0 0 12 0 ]","0+0---++000+0",233
910761,"[0 12 -66 0 -495 792 0 -792 495 220 66 0 1 ]","0+-0-+0-+++0+",233
923721,"[0 12 -66 0 495 792 0 -792 -495 220 66 0 1 ]","0+-0++0--++0+",233
923741,"[0 12 -66 0 495 792 0 -792 0 -220 0 12 0 ]","0+-0++0-0-0+0",233
922245,"[0 12 -66 0 495 0 924 -792 -495 220 -66 0 1 ]","0+-0+0+--+-0+",233
928941,"[0 12 -66 220 -495 0 924 -792 495 0 -66 0 1 ]","0+-+-0+-+0-0+",233
926997,"[0 12 -66 220 -495 -792 924 0 495 0 -66 0 1 ]","0+-+--+0+0-0+",233
940857,"[0 12 -66 220 495 0 -924 0 495 0 0 0 1 ]","0+-++0-0+000+",233
948797,"[0 12 0 -220 -495 0 924 0 0 0 0 12 0 ]","0+0--0+0000+0",233
941901,"[0 12 -66 220 495 0 924 -792 -495 0 -66 0 1 ]","0+-++0+--0-0+",233
936897,"[0 12 -66 220 0 792 0 -792 0 0 66 0 1 ]","0+-+0+0-00+0+",233
948921,"[0 12 0 -220 -495 0 924 792 -495 -220 -66 0 1 ]","0+0--0++---0+",233
934953,"[0 12 -66 220 0 0 0 0 0 0 66 0 1 ]","0+-+000000+0+",233
950741,"[0 12 0 -220 -495 792 924 -792 0 0 0 12 0 ]","0+0--++-000+0",233
954701,"[0 12 0 -220 0 0 0 0 495 0 -66 12 0 ]","0+0-0000+0-+0",233
941433,"[0 12 -66 220 495 0 0 0 -495 0 66 0 1 ]","0+-++000-0+0+",233
933009,"[0 12 -66 220 0 -792 0 792 0 0 66 0 1 ]","0+-+0-0+00+0+",233
949821,"[0 12 0 -220 -495 792 -924 792 495 -220 0 0 1 ]","0+0--+-++-00+",233
950397,"[0 12 0 -220 -495 792 0 792 -495 -220 66 0 1 ]","0+0--+0+--+0+",233
955277,"[0 12 0 -220 0 0 924 0 -495 0 0 12 0 ]","0+0-00+0-00+0",233
956301,"[0 12 0 -220 0 792 -924 792 0 -220 0 0 1 ]","0+0-0+-+0-00+",233
952757,"[0 12 0 -220 0 -792 0 792 495 0 -66 12 0 ]","0+0-0-0++0-+0",233
939489,"[0 12 -66 220 495 -792 0 792 -495 0 66 0 1 ]","0+-++-0+-0+0+",233
954233,"[0 12 0 -220 0 0 -924 792 495 0 66 12 0 ]","0+0-00-++0++0",233
926529,"[0 12 -66 220 -495 -792 0 792 495 0 66 0 1 ]","0+-+--0++0+0+",233
956177,"[0 12 0 -220 0 792 -924 0 495 0 66 12 0 ]","0+0-0+-0+0++0",233
975833,"[0 12 0 0 0 792 -924 0 495 -220 66 12 0 ]","0+000+-0+-++0",233
966509,"[0 12 0 0 -495 -792 924 792 0 -220 0 12 0 ]","0+00--++0-0+0",233
960713,"[0 12 0 -220 495 0 -924 792 0 0 66 12 0 ]","0+0-+0-+00++0",233
980369,"[0 12 0 0 495 0 -924 792 0 -220 66 12 0 ]","0+00+0-+0-++0",233
950865,"[0 12 0 -220 -495 792 924 0 -495 -220 -66 0 1 ]","0+0--++0---0+",233
980241,"[0 12 0 0 495 0 -924 0 495 220 -66 0 1 ]","0+00+0-0++-0+",233
953333,"[0 12 0 -220 0 -792 924 792 -495 0 0 12 0 ]","0+0-0-++-00+0",233
967857,"[0 12 0 0 -495 0 0 0 495 220 0 0 1 ]","0+00-000++00+",233
972393,"[0 12 0 0 0 -792 0 792 0 220 0 0 1 ]","0+000-0+0+00+",233
972413,"[0 12 0 0 0 -792 0 792 495 -220 -66 12 0 ]","0+000-0++--+0",233
962657,"[0 12 0 -220 495 792 -924 0 0 0 66 12 0 ]","0+0-++-000++0",233
970377,"[0 12 0 0 -495 792 924 -792 -495 220 66 0 1 ]","0+00-++--++0+",233
970397,"[0 12 0 0 -495 792 924 -792 0 -220 0 12 0 ]","0+00-++-0-0+0",233
957221,"[0 12 0 -220 0 792 924 -792 -495 0 0 12 0 ]","0+0-0++--00+0",233
969801,"[0 12 0 0 -495 792 0 -792 495 220 0 0 1 ]","0+00-+0-++00+",233
966489,"[0 12 0 0 -495 -792 924 792 -495 220 66 0 1 ]","0+00--++-++0+",233
961181,"[0 12 0 -220 495 0 0 0 0 0 -66 12 0 ]","0+0-+00000-+0",233
963125,"[0 12 0 -220 495 792 0 -792 0 0 -66 12 0 ]","0+0-++0-00-+0",233
962781,"[0 12 0 -220 495 792 -924 792 -495 -220 0 0 1 ]","0+0-++-+--00+",233
976877,"[0 12 0 0 0 792 924 -792 -495 -220 0 12 0 ]","0+000++---0+0",233
968433,"[0 12 0 0 -495 0 924 0 -495 220 66 0 1 ]","0+00-0+0-++0+",233
978873,"[0 12 0 0 495 -792 0 792 -495 220 0 0 1 ]","0+00+-0+-+00+",233
990033,"[0 12 0 220 -495 792 924 -792 -495 0 66 0 1 ]","0+0+-++--0+0+",233
968453,"[0 12 0 0 -495 0 924 0 0 -220 0 12 0 ]","0+00-0+00-0+0",233
959237,"[0 12 0 -220 495 -792 0 792 0 0 -66 12 0 ]","0+0-+-0+00-+0",233
986145,"[0 12 0 220 -495 -792 924 792 -495 0 66 0 1 ]","0+0+--++-0+0+",233
956645,"[0 12 0 -220 0 792 0 -792 495 0 -66 12 0 ]","0+0-0+0-+0-+0",233
976281,"[0 12 0 0 0 792 0 -792 0 220 0 0 1 ]","0+000+0-0+00+",233
978893,"[0 12 0 0 495 -792 0 792 0 -220 -66 12 0 ]","0+00+-0+0--+0",233
1002417,"[0 12 0 220 495 792 0 -792 -495 0 0 0 1 ]","0+0+++0--000+",233
973889,"[0 12 0 0 0 0 -924 792 495 -220 66 12 0 ]","0+0000-++-++0",233
976301,"[0 12 0 0 0 792 0 -792 495 -220 -66 12 0 ]","0+000+0-+--+0",233
974933,"[0 12 0 0 0 0 924 0 -495 -220 0 12 0 ]","0+0000+0--0+0",233
993993,"[0 12 0 220 0 0 0 0 0 0 0 0 1 ]","0+0+00000000+",233
965913,"[0 12 0 0 -495 -792 0 792 495 220 0 0 1 ]","0+00--0+++00+",233
972989,"[0 12 0 0 0 -792 924 792 -495 -220 0 12 0 ]","0+000-++--0+0",233
985569,"[0 12 0 220 -495 -792 0 792 495 0 0 0 1 ]","0+0+--0++000+",233
978297,"[0 12 0 0 495 -792 -924 792 495 220 -66 0 1 ]","0+00+--+++-0+",233
980837,"[0 12 0 0 495 0 0 0 0 -220 -66 12 0 ]","0+00+0000--+0",233
993869,"[0 12 0 220 0 0 0 -792 495 220 66 12 0 ]","0+0+000-++++0",233
987513,"[0 12 0 220 -495 0 0 0 495 0 0 0 1 ]","0+0+-000+000+",233
982313,"[0 12 0 0 495 792 -924 0 0 -220 66 12 0 ]","0+00++-00-++0",233
974337,"[0 12 0 0 0 0 0 0 0 220 0 0 1 ]","0+0000000+00+",233
974357,"[0 12 0 0 0 0 0 0 495 -220 -66 12 0 ]","0+000000+--+0",233
1001841,"[0 12 0 220 495 792 -924 -792 495 0 -66 0 1 ]","0+0+++--+0-0+",233
992049,"[0 12 0 220 0 -792 0 792 0 0 0 0 1 ]","0+0+0-0+0000+",233
999897,"[0 12 0 220 495 0 -924 0 495 0 -66 0 1 ]","0+0++0-0+0-0+",233
992393,"[0 12 0 220 0 -792 924 -792 495 220 -66 12 0 ]","0+0+0-+-++-+0",233
982761,"[0 12 0 0 495 792 0 -792 -495 220 0 0 1 ]","0+00++0--+00+",233
982781,"[0 12 0 0 495 792 0 -792 0 -220 -66 12 0 ]","0+00++0-0--+0",233
1013273,"[0 12 66 -220 0 0 -924 792 495 0 0 12 0 ]","0++-00-++00+0",233
995937,"[0 12 0 220 0 792 0 -792 0 0 0 0 1 ]","0+0+0+0-0000+",233
988089,"[0 12 0 220 -495 0 924 0 -495 0 66 0 1 ]","0+0+-0+0-0+0+",233
1009313,"[0 12 66 -220 -495 792 0 0 0 0 66 12 0 ]","0++--+0000++0",233
1000349,"[0 12 0 220 495 0 0 -792 0 220 66 12 0 ]","0+0++00-0+++0",233
991925,"[0 12 0 220 0 -792 0 0 495 220 66 12 0 ]","0+0+0-00++++0",233
1008861,"[0 12 66 -220 -495 792 -924 792 495 -220 -66 0 1 ]","0++--+-++--0+",233
1000473,"[0 12 0 220 495 0 0 0 -495 0 0 0 1 ]","0+0++000-000+",233
998873,"[0 12 0 220 495 -792 924 -792 0 220 -66 12 0 ]","0+0++-+-0+-+0",233
998529,"[0 12 0 220 495 -792 0 792 -495 0 0 0 1 ]","0+0++-0+-000+",233
982185,"[0 12 0 0 495 792 -924 -792 495 220 -66 0 1 ]","0+00++--++-0+",233
1007837,"[0 12 66 -220 -495 0 924 0 0 0 -66 12 0 ]","0++--0+000-+0",233
1009437,"[0 12 66 -220 -495 792 0 792 -495 -220 0 0 1 ]","0++--+0+--00+",233
1024953,"[0 12 66 0 -495 -792 0 792 495 220 -66 0 1 ]","0++0--0+++-0+",233
998405,"[0 12 0 220 495 -792 0 0 0 220 66 12 0 ]","0+0++-000+++0",233
980817,"[0 12 0 0 495 0 0 0 -495 220 0 0 1 ]","0+00+000-+00+",233
1009781,"[0 12 66 -220 -495 792 924 -792 0 0 -66 12 0 ]","0++--++-00-+0",233
1016261,"[0 12 66 -220 0 792 924 -792 -495 0 -66 12 0 ]","0++-0++--0-+0",233
1033505,"[0 12 66 0 0 0 0 792 -495 -220 66 12 0 ]","0++0000+--++0",233
989457,"[0 12 0 220 -495 792 0 -792 495 0 0 0 1 ]","0+0+-+0-+000+",233
1027025,"[0 12 66 0 -495 0 0 792 0 -220 66 12 0 ]","0++0-00+0-++0",233
1026897,"[0 12 66 0 -495 0 0 0 495 220 -66 0 1 ]","0++0-000++-0+",233
1029417,"[0 12 66 0 -495 792 924 -792 -495 220 0 0 1 ]","0++0-++--+00+",233
1029437,"[0 12 66 0 -495 792 924 -792 0 -220 -66 12 0 ]","0++0-++-0--+0",233
1015217,"[0 12 66 -220 0 792 -924 0 495 0 0 12 0 ]","0++-0+-0+00+0",233
1015793,"[0 12 66 -220 0 792 0 0 -495 0 66 12 0 ]","0++-0+00-0++0",233
1005893,"[0 12 66 -220 -495 -792 924 792 0 0 -66 12 0 ]","0++---++00-+0",233
997953,"[0 12 0 220 495 -792 -924 792 495 0 -66 0 1 ]","0+0++--++0-0+",233
1026429,"[0 12 66 0 -495 0 -924 792 495 220 66 0 1 ]","0++0-0-++++0+",233
1019753,"[0 12 66 -220 495 0 -924 792 0 0 0 12 0 ]","0++-+0-+000+0",233
1021697,"[0 12 66 -220 495 792 -924 0 0 0 0 12 0 ]","0++-++-0000+0",233
1013849,"[0 12 66 -220 0 0 0 792 -495 0 66 12 0 ]","0++-000+-0++0",233
1015341,"[0 12 66 -220 0 792 -924 792 0 -220 -66 0 1 ]","0++-0+-+0--0+",233
1012373,"[0 12 66 -220 0 -792 924 792 -495 0 -66 12 0 ]","0++-0-++-0-+0",233
1027473,"[0 12 66 0 -495 0 924 0 -495 220 0 0 1 ]","0++0-0+0-+00+",233
1027493,"[0 12 66 0 -495 0 924 0 0 -220 -66 12 0 ]","0++0-0+00--+0",233
1007369,"[0 12 66 -220 -495 0 0 792 0 0 66 12 0 ]","0++--00+00++0",233
1014317,"[0 12 66 -220 0 0 924 0 -495 0 -66 12 0 ]","0++-00+0-0-+0",233
1025529,"[0 12 66 0 -495 -792 924 792 -495 220 0 0 1 ]","0++0--++-+00+",233
1021821,"[0 12 66 -220 495 792 -924 792 -495 -220 -66 0 1 ]","0++-++-+---0+",233
1033377,"[0 12 66 0 0 0 0 0 0 220 -66 0 1 ]","0++000000+-0+",233
1031433,"[0 12 66 0 0 -792 0 792 0 220 -66 0 1 ]","0++00-0+0+-0+",233
1028373,"[0 12 66 0 -495 792 -924 0 495 220 66 0 1 ]","0++0-+-0+++0+",233
1039389,"[0 12 66 0 495 0 -924 792 -495 220 66 0 1 ]","0++0+0-+-++0+",233
1032929,"[0 12 66 0 0 0 -924 792 495 -220 0 12 0 ]","0++000-++-0+0",233
1037913,"[0 12 66 0 495 -792 0 792 -495 220 -66 0 1 ]","0++0+-0+-+-0+",233
1025549,"[0 12 66 0 -495 -792 924 792 0 -220 -66 12 0 ]","0++0--++0--+0",233
1039409,"[0 12 66 0 495 0 -924 792 0 -220 0 12 0 ]","0++0+0-+0-0+0",233
1032909,"[0 12 66 0 0 0 -924 792 0 220 66 0 1 ]","0++000-+0++0+",233
1028841,"[0 12 66 0 -495 792 0 -792 495 220 -66 0 1 ]","0++0-+0-++-0+",233
1028969,"[0 12 66 0 -495 792 0 0 0 -220 66 12 0 ]","0++0-+000-++0",233
1032029,"[0 12 66 0 0 -792 924 792 -495 -220 -66 12 0 ]","0++00-++---+0",233
1039857,"[0 12 66 0 495 0 0 0 -495 220 -66 0 1 ]","0++0+000-+-0+",233
1046085,"[0 12 66 220 -495 0 -924 792 495 0 66 0 1 ]","0+++-0-++0+0+",233
1041333,"[0 12 66 0 495 792 -924 0 -495 220 66 0 1 ]","0++0++-0-++0+",233
1035449,"[0 12 66 0 0 792 0 0 -495 -220 66 12 0 ]","0++00+00--++0",233
1035917,"[0 12 66 0 0 792 924 -792 -495 -220 -66 12 0 ]","0++00++----+0",233
1035321,"[0 12 66 0 0 792 0 -792 0 220 -66 0 1 ]","0++00+0-0+-0+",233
1045185,"[0 12 66 220 -495 -792 924 792 -495 0 0 0 1 ]","0+++--++-000+",233
1045061,"[0 12 66 220 -495 -792 924 0 0 220 66 12 0 ]","0+++--+00+++0",233
1044609,"[0 12 66 220 -495 -792 0 792 495 0 -66 0 1 ]","0+++--0++0-0+",233
1051541,"[0 12 66 220 0 -792 924 0 -495 220 66 12 0 ]","0+++0-+0-+++0",233
1033973,"[0 12 66 0 0 0 924 0 -495 -220 -66 12 0 ]","0++000+0---+0",233
1051089,"[0 12 66 220 0 -792 0 792 0 0 -66 0 1 ]","0+++0-0+00-0+",233
1054977,"[0 12 66 220 0 792 0 -792 0 0 -66 0 1 ]","0+++0+0-00-0+",233
1046553,"[0 12 66 220 -495 0 0 0 495 0 -66 0 1 ]","0+++-000+0-0+",233
1057569,"[0 12 66 220 495 -792 0 792 -495 0 -66 0 1 ]","0++++-0+-0-0+",233
1048497,"[0 12 66 220 -495 792 0 -792 495 0 -66 0 1 ]","0+++-+0-+0-0+",233
1048029,"[0 12 66 220 -495 792 -924 0 495 0 66 0 1 ]","0+++-+-0+0+0+",233
1061457,"[0 12 66 220 495 792 0 -792 -495 0 -66 0 1 ]","0+++++0--0-0+",233
1050965,"[0 12 66 220 0 -792 0 0 495 220 0 12 0 ]","0+++0-00++0+0",233
1041801,"[0 12 66 0 495 792 0 -792 -495 220 -66 0 1 ]","0++0++0--+-0+",233
1052909,"[0 12 66 220 0 0 0 -792 495 220 0 12 0 ]","0+++000-++0+0",233
1034853,"[0 12 66 0 0 792 -924 0 0 220 66 0 1 ]","0++00+-00++0+",233
1034873,"[0 12 66 0 0 792 -924 0 495 -220 0 12 0 ]","0++00+-0+-0+0",233
1052565,"[0 12 66 220 0 0 -924 792 0 0 66 0 1 ]","0+++00-+00+0+",233
1054509,"[0 12 66 220 0 792 -924 0 0 0 66 0 1 ]","0+++0+-000+0+",233
1041353,"[0 12 66 0 495 792 -924 0 0 -220 0 12 0 ]","0++0++-00-0+0",233
1047005,"[0 12 66 220 -495 0 924 -792 0 220 66 12 0 ]","0+++-0+-0+++0",233
1059513,"[0 12 66 220 495 0 0 0 -495 0 -66 0 1 ]","0++++000-0-0+",233
1047129,"[0 12 66 220 -495 0 924 0 -495 0 0 0 1 ]","0+++-0+0-000+",233
1049073,"[0 12 66 220 -495 792 924 -792 -495 0 0 0 1 ]","0+++-++--000+",233
1053033,"[0 12 66 220 0 0 0 0 0 0 -66 0 1 ]","0+++000000-0+",233
1059389,"[0 12 66 220 495 0 0 -792 0 220 0 12 0 ]","0++++00-0+0+0",233
1057445,"[0 12 66 220 495 -792 0 0 0 220 0 12 0 ]","0++++-000+0+0",233
1060989,"[0 12 66 220 495 792 -924 0 -495 0 66 0 1 ]","0+++++-0-0+0+",233
1066437,"[1 -12 -66 -220 -495 0 0 792 0 220 0 12 1 ]","+----00+0+0++",233
1053485,"[0 12 66 220 0 0 924 -792 -495 220 66 12 0 ]","0+++00+--+++0",233
1086093,"[1 -12 -66 0 -495 0 0 792 0 0 0 12 1 ]","+--0-00+000++",233
1059045,"[0 12 66 220 495 0 -924 792 -495 0 66 0 1 ]","0++++0-+-0+0+",233
1068381,"[1 -12 -66 -220 -495 792 0 0 0 220 0 12 1 ]","+----+000+0++",233
1088037,"[1 -12 -66 0 -495 792 0 0 0 0 0 12 1 ]","+--0-+00000++",233
1074861,"[1 -12 -66 -220 0 792 0 0 -495 220 0 12 1 ]","+---0+00-+0++",233
1072917,"[1 -12 -66 -220 0 0 0 792 -495 220 0 12 1 ]","+---000+-+0++",233
1080765,"[1 -12 -66 -220 495 792 -924 0 0 220 -66 12 1 ]","+---++-00+-++",233
1091997,"[1 -12 -66 0 0 0 -924 792 495 0 -66 12 1 ]","+--000-++0-++",233
1105749,"[1 -12 -66 220 -495 0 0 792 0 -220 0 12 1 ]","+--+-00+0-0++",233
1072341,"[1 -12 -66 -220 0 0 -924 792 495 220 -66 12 1 ]","+---00-+++-++",233
1093941,"[1 -12 -66 0 0 792 -924 0 495 0 -66 12 1 ]","+--00+-0+0-++",233
1078821,"[1 -12 -66 -220 495 0 -924 792 0 220 -66 12 1 ]","+---+0-+0+-++",233
1094517,"[1 -12 -66 0 0 792 0 0 -495 0 0 12 1 ]","+--00+00-00++",233
1074285,"[1 -12 -66 -220 0 792 -924 0 495 220 -66 12 1 ]","+---0+-0++-++",233
1100421,"[1 -12 -66 0 495 792 -924 0 0 0 -66 12 1 ]","+--0++-000-++",233
1092573,"[1 -12 -66 0 0 0 0 792 -495 0 0 12 1 ]","+--0000+-00++",233
1098477,"[1 -12 -66 0 495 0 -924 792 0 0 -66 12 1 ]","+--0+0-+00-++",233
1112229,"[1 -12 -66 220 0 0 0 792 -495 -220 0 12 1 ]","+--+000+--0++",233
1126953,"[1 -12 0 -220 -495 792 -924 792 0 220 66 12 1 ]","+-0--+-+0++++",233
1107693,"[1 -12 -66 220 -495 792 0 0 0 -220 0 12 1 ]","+--+-+000-0++",233
1111653,"[1 -12 -66 220 0 0 -924 792 495 -220 -66 12 1 ]","+--+00-++--++",233
1114173,"[1 -12 -66 220 0 792 0 0 -495 -220 0 12 1 ]","+--+0+00--0++",233
1125477,"[1 -12 0 -220 -495 0 0 792 0 220 -66 12 1 ]","+-0--00+0+-++",233
1127421,"[1 -12 0 -220 -495 792 0 0 0 220 -66 12 1 ]","+-0--+000+-++",233
1120077,"[1 -12 -66 220 495 792 -924 0 0 -220 -66 12 1 ]","+--+++-00--++",233
1131957,"[1 -12 0 -220 0 0 0 792 -495 220 -66 12 1 ]","+-0-000+-+-++",233
1113597,"[1 -12 -66 220 0 792 -924 0 495 -220 -66 12 1 ]","+--+0+-0+--++",233
1147077,"[1 -12 0 0 -495 792 0 0 0 0 -66 12 1 ]","+-00-+0000-++",233
1145133,"[1 -12 0 0 -495 0 0 792 0 0 -66 12 1 ]","+-00-00+00-++",233
1133433,"[1 -12 0 -220 0 792 -924 792 -495 220 66 12 1 ]","+-0-0+-+-++++",233
1146609,"[1 -12 0 0 -495 792 -924 792 0 0 66 12 1 ]","+-00-+-+00+++",233
1133901,"[1 -12 0 -220 0 792 0 0 -495 220 -66 12 1 ]","+-0-0+00-+-++",233
1118133,"[1 -12 -66 220 495 0 -924 792 0 -220 -66 12 1 ]","+--++0-+0--++",233
1153089,"[1 -12 0 0 0 792 -924 792 -495 0 66 12 1 ]","+-000+-+-0+++",233
1151613,"[1 -12 0 0 0 0 0 792 -495 0 -66 12 1 ]","+-00000+-0-++",233
1153557,"[1 -12 0 0 0 792 0 0 -495 0 -66 12 1 ]","+-000+00-0-++",233
1173213,"[1 -12 0 220 0 792 0 0 -495 -220 -66 12 1 ]","+-0+0+00---++",233
1172745,"[1 -12 0 220 0 792 -924 792 -495 -220 66 12 1 ]","+-0+0+-+--+++",233
1171269,"[1 -12 0 220 0 0 0 792 -495 -220 -66 12 1 ]","+-0+000+---++",233
1166733,"[1 -12 0 220 -495 792 0 0 0 -220 -66 12 1 ]","+-0+-+000--++",233
1164789,"[1 -12 0 220 -495 0 0 792 0 -220 -66 12 1 ]","+-0+-00+0--++",233
1166265,"[1 -12 0 220 -495 792 -924 792 0 -220 66 12 1 ]","+-0+-+-+0-+++",233
1185993,"[1 -12 66 -220 -495 792 -924 792 0 220 0 12 1 ]","+-+--+-+0+0++",233
1192473,"[1 -12 66 -220 0 792 -924 792 -495 220 0 12 1 ]","+-+-0+-+-+0++",233
1205649,"[1 -12 66 0 -495 792 -924 792 0 0 0 12 1 ]","+-+0-+-+000++",233
1212129,"[1 -12 66 0 0 792 -924 792 -495 0 0 12 1 ]","+-+00+-+-00++",233
1225305,"[1 -12 66 220 -495 792 -924 792 0 -220 0 12 1 ]","+-++-+-+0-0++",233
1243601,"[1 0 -66 -220 -495 0 0 792 495 -220 -66 12 0 ]","+0---00++--+0",233
1243581,"[1 0 -66 -220 -495 0 0 792 0 220 0 0 1 ]","+0---00+0+00+",233
1255965,"[1 0 -66 -220 495 0 -924 792 0 220 -66 0 1 ]","+0--+0-+0+-0+",233
1256561,"[1 0 -66 -220 495 0 0 792 -495 -220 -66 12 0 ]","+0--+00+---+0",233
1245545,"[1 0 -66 -220 -495 792 0 0 495 -220 -66 12 0 ]","+0---+00+--+0",233
1231785,"[1 -12 66 220 0 792 -924 792 -495 -220 0 12 1 ]","+-++0+-+--0++",233
1246121,"[1 0 -66 -220 -495 792 924 0 -495 -220 0 12 0 ]","+0---++0--0+0",233
1245077,"[1 0 -66 -220 -495 792 -924 792 495 -220 66 12 0 ]","+0---+-++-++0",233
1244177,"[1 0 -66 -220 -495 0 924 792 -495 -220 0 12 0 ]","+0---0++--0+0",233
1257909,"[1 0 -66 -220 495 792 -924 0 0 220 -66 0 1 ]","+0--++-00+-0+",233
1265057,"[1 0 -66 0 -495 792 0 -792 495 220 66 12 0 ]","+0-0-+0-++++0",233
1245525,"[1 0 -66 -220 -495 792 0 0 0 220 0 0 1 ]","+0---+000+00+",233
1252005,"[1 0 -66 -220 0 792 0 0 -495 220 0 0 1 ]","+0--0+00-+00+",233
1252025,"[1 0 -66 -220 0 792 0 0 0 -220 -66 12 0 ]","+0--0+000--+0",233
1249485,"[1 0 -66 -220 0 0 -924 792 495 220 -66 0 1 ]","+0--00-+++-0+",233
1251557,"[1 0 -66 -220 0 792 -924 792 0 -220 66 12 0 ]","+0--0+-+0-++0",233
1274129,"[1 0 -66 0 495 -792 0 792 -495 220 66 12 0 ]","+0-0+-0+-+++0",233
1274597,"[1 0 -66 0 495 -792 924 0 -495 220 -66 12 0 ]","+0-0+-+0-+-+0",233
1265181,"[1 0 -66 0 -495 792 0 0 0 0 0 0 1 ]","+0-0-+000000+",233
1269141,"[1 0 -66 0 0 0 -924 792 495 0 -66 0 1 ]","+0-000-++0-0+",233
1251429,"[1 0 -66 -220 0 792 -924 0 495 220 -66 0 1 ]","+0--0+-0++-0+",233
1271661,"[1 0 -66 0 0 792 0 0 -495 0 0 0 1 ]","+0-00+00-000+",233
1263581,"[1 0 -66 0 -495 0 924 -792 495 220 -66 12 0 ]","+0-0-0+-++-+0",233
1250061,"[1 0 -66 -220 0 0 0 792 -495 220 0 0 1 ]","+0--000+-+00+",233
1291193,"[1 0 -66 220 0 792 0 -792 0 0 66 12 0 ]","+0-+0+0-00++0",233
1269717,"[1 0 -66 0 0 0 0 792 -495 0 0 0 1 ]","+0-0000+-000+",233
1261637,"[1 0 -66 0 -495 -792 924 0 495 220 -66 12 0 ]","+0-0--+0++-+0",233
1269593,"[1 0 -66 0 0 0 0 0 0 220 66 12 0 ]","+0-000000+++0",233
1250081,"[1 0 -66 -220 0 0 0 792 0 -220 -66 12 0 ]","+0--000+0--+0",233
1277565,"[1 0 -66 0 495 792 -924 0 0 0 -66 0 1 ]","+0-0++-000-0+",233
1263237,"[1 0 -66 0 -495 0 0 792 0 0 0 0 1 ]","+0-0-00+0000+",233
1282769,"[1 0 -66 220 -495 0 0 0 495 0 66 12 0 ]","+0-+-000+0++0",233
1261169,"[1 0 -66 0 -495 -792 0 792 495 220 66 12 0 ]","+0-0--0+++++0",233
1267649,"[1 0 -66 0 0 -792 0 792 0 220 66 12 0 ]","+0-00-0+0+++0",233
1282893,"[1 0 -66 220 -495 0 0 792 0 -220 0 0 1 ]","+0-+-00+0-00+",233
1263113,"[1 0 -66 0 -495 0 0 0 495 220 66 12 0 ]","+0-0-000++++0",233
1268117,"[1 0 -66 0 0 -792 924 0 0 220 -66 12 0 ]","+0-00-+00+-+0",233
1281293,"[1 0 -66 220 -495 -792 924 0 495 0 -66 12 0 ]","+0-+--+0+0-+0",233
1275621,"[1 0 -66 0 495 0 -924 792 0 0 -66 0 1 ]","+0-0+0-+00-0+",233
1271537,"[1 0 -66 0 0 792 0 -792 0 220 66 12 0 ]","+0-00+0-0+++0",233
1270061,"[1 0 -66 0 0 0 924 -792 0 220 -66 12 0 ]","+0-000+-0+-+0",233
1258037,"[1 0 -66 -220 495 792 -924 792 -495 -220 66 12 0 ]","+0--++-+--++0",233
1271085,"[1 0 -66 0 0 792 -924 0 495 0 -66 0 1 ]","+0-00+-0+0-0+",233
1289717,"[1 0 -66 220 0 0 924 -792 0 0 -66 12 0 ]","+0-+00+-00-+0",233
1294253,"[1 0 -66 220 495 -792 924 0 -495 0 -66 12 0 ]","+0-++-+0-0-+0",233
1275497,"[1 0 -66 0 495 0 -924 0 495 220 0 12 0 ]","+0-0+0-0++0+0",233
1303217,"[1 0 0 -220 -495 0 924 792 -495 -220 -66 12 0 ]","+00--0++---+0",233
1278017,"[1 0 -66 0 495 792 0 -792 -495 220 66 12 0 ]","+0-0++0--+++0",233
1276073,"[1 0 -66 0 495 0 0 0 -495 220 66 12 0 ]","+0-0+000-+++0",233
1277441,"[1 0 -66 0 495 792 -924 -792 495 220 0 12 0 ]","+0-0++--++0+0",233
1276541,"[1 0 -66 0 495 0 924 -792 -495 220 -66 12 0 ]","+0-0+0+--+-+0",233
1289373,"[1 0 -66 220 0 0 0 792 -495 -220 0 0 1 ]","+0-+000+--00+",233
1287305,"[1 0 -66 220 0 -792 0 792 0 0 66 12 0 ]","+0-+0-0+00++0",233
1304693,"[1 0 0 -220 -495 792 0 792 -495 -220 66 12 0 ]","+00--+0+--++0",233
1296197,"[1 0 -66 220 495 0 924 -792 -495 0 -66 12 0 ]","+0-++0+--0-+0",233
1258505,"[1 0 -66 -220 495 792 0 0 -495 -220 -66 12 0 ]","+0--++00---+0",233
1288797,"[1 0 -66 220 0 0 -924 792 495 -220 -66 0 1 ]","+0-+00-++--0+",233
1297097,"[1 0 -66 220 495 792 -924 -792 495 0 0 12 0 ]","+0-+++--+00+0",233
1283237,"[1 0 -66 220 -495 0 924 -792 495 0 -66 12 0 ]","+0-+-0+-+0-+0",233
1295729,"[1 0 -66 220 495 0 0 0 -495 0 66 12 0 ]","+0-++000-0++0",233
1290741,"[1 0 -66 220 0 792 -924 0 495 -220 -66 0 1 ]","+0-+0+-0+--0+",233
1289249,"[1 0 -66 220 0 0 0 0 0 0 66 12 0 ]","+0-+000000++0",233
1284837,"[1 0 -66 220 -495 792 0 0 0 -220 0 0 1 ]","+0-+-+000-00+",233
1287773,"[1 0 -66 220 0 -792 924 0 0 0 -66 12 0 ]","+0-+0-+000-+0",233
1284713,"[1 0 -66 220 -495 792 0 -792 495 0 66 12 0 ]","+0-+-+0-+0++0",233
1273553,"[1 0 -66 0 495 -792 -924 792 495 220 0 12 0 ]","+0-0+--+++0+0",233
1304565,"[1 0 0 -220 -495 792 0 0 0 220 -66 0 1 ]","+00--+000+-0+",233
1297221,"[1 0 -66 220 495 792 -924 0 0 -220 -66 0 1 ]","+0-+++-00--0+",233
1280825,"[1 0 -66 220 -495 -792 0 792 495 0 66 12 0 ]","+0-+--0++0++0",233
1293209,"[1 0 -66 220 495 -792 -924 792 495 0 0 12 0 ]","+0-++--++00+0",233
1310597,"[1 0 0 -220 0 792 -924 792 0 -220 0 12 0 ]","+00-0+-+0-0+0",233
1291317,"[1 0 -66 220 0 792 0 0 -495 -220 0 0 1 ]","+0-+0+00--00+",233
1330577,"[1 0 0 0 0 792 0 -792 0 220 0 12 0 ]","+0000+0-0+0+0",233
1295277,"[1 0 -66 220 495 0 -924 792 0 -220 -66 0 1 ]","+0-++0-+0--0+",233
1295153,"[1 0 -66 220 495 0 -924 0 495 0 0 12 0 ]","+0-++0-0+00+0",233
1322153,"[1 0 0 0 -495 0 0 0 495 220 0 12 0 ]","+000-000++0+0",233
1309101,"[1 0 0 -220 0 0 0 792 -495 220 -66 0 1 ]","+00-000+-+-0+",233
1302621,"[1 0 0 -220 -495 0 0 792 0 220 -66 0 1 ]","+00--00+0+-0+",233
1297673,"[1 0 -66 220 495 792 0 -792 -495 0 66 12 0 ]","+0-+++0--0++0",233
1322729,"[1 0 0 0 -495 0 924 0 -495 220 66 12 0 ]","+000-0+0-+++0",233
1326689,"[1 0 0 0 0 -792 0 792 0 220 0 12 0 ]","+0000-0+0+0+0",233
1305161,"[1 0 0 -220 -495 792 924 0 -495 -220 -66 12 0 ]","+00--++0---+0",233
1324221,"[1 0 0 0 -495 792 0 0 0 0 -66 0 1 ]","+000-+0000-0+",233
1320785,"[1 0 0 0 -495 -792 924 792 -495 220 66 12 0 ]","+000--++-+++0",233
1332593,"[1 0 0 0 495 -792 -924 792 495 220 -66 12 0 ]","+000+--+++-+0",233
1310577,"[1 0 0 -220 0 792 -924 792 -495 220 66 0 1 ]","+00-0+-+-++0+",233
1293785,"[1 0 -66 220 495 -792 0 792 -495 0 66 12 0 ]","+0-++-0+-0++0",233
1335113,"[1 0 0 0 495 0 0 0 -495 220 0 12 0 ]","+000+000-+0+0",233
1343409,"[1 0 0 220 -495 792 -924 792 0 -220 66 0 1 ]","+00+-+-+0-+0+",233
1317077,"[1 0 0 -220 495 792 -924 792 -495 -220 0 12 0 ]","+00-++-+--0+0",233
1330701,"[1 0 0 0 0 792 0 0 -495 0 -66 0 1 ]","+0000+00-0-0+",233
1311045,"[1 0 0 -220 0 792 0 0 -495 220 -66 0 1 ]","+00-0+00-+-0+",233
1320209,"[1 0 0 0 -495 -792 0 792 495 220 0 12 0 ]","+000--0+++0+0",233
1322277,"[1 0 0 0 -495 0 0 792 0 0 -66 0 1 ]","+000-00+00-0+",233
1304097,"[1 0 0 -220 -495 792 -924 792 0 220 66 0 1 ]","+00--+-+0++0+",233
1304117,"[1 0 0 -220 -495 792 -924 792 495 -220 0 12 0 ]","+00--+-++-0+0",233
1328757,"[1 0 0 0 0 0 0 792 -495 0 -66 0 1 ]","+000000+-0-0+",233
1324097,"[1 0 0 0 -495 792 0 -792 495 220 0 12 0 ]","+000-+0-++0+0",233
1348289,"[1 0 0 220 0 0 0 0 0 0 0 12 0 ]","+00+0000000+0",233
1337057,"[1 0 0 0 495 792 0 -792 -495 220 0 12 0 ]","+000++0--+0+0",233
1336481,"[1 0 0 0 495 792 -924 -792 495 220 -66 12 0 ]","+000++--++-+0",233
1323753,"[1 0 0 0 -495 792 -924 792 0 0 66 0 1 ]","+000-+-+00+0+",233
1350233,"[1 0 0 220 0 792 0 -792 0 0 0 12 0 ]","+00+0+0-000+0",233
1350357,"[1 0 0 220 0 792 0 0 -495 -220 -66 0 1 ]","+00+0+00---0+",233
1340441,"[1 0 0 220 -495 -792 924 792 -495 0 66 12 0 ]","+00+--++-0++0",233
1343877,"[1 0 0 220 -495 792 0 0 0 -220 -66 0 1 ]","+00+-+000--0+",233
1324673,"[1 0 0 0 -495 792 924 -792 -495 220 66 12 0 ]","+000-++--+++0",233
1343753,"[1 0 0 220 -495 792 0 -792 495 0 0 12 0 ]","+00+-+0-+00+0",233
1349889,"[1 0 0 220 0 792 -924 792 -495 -220 66 0 1 ]","+00+0+-+--+0+",233
1342385,"[1 0 0 220 -495 0 924 0 -495 0 66 12 0 ]","+00+-0+0-0++0",233
1330233,"[1 0 0 0 0 792 -924 792 -495 0 66 0 1 ]","+0000+-+-0+0+",233
1328633,"[1 0 0 0 0 0 0 0 0 220 0 12 0 ]","+00000000+0+0",233
1354193,"[1 0 0 220 495 0 -924 0 495 0 -66 12 0 ]","+00++0-0+0-+0",233
1334537,"[1 0 0 0 495 0 -924 0 495 220 -66 12 0 ]","+000+0-0++-+0",233
1344329,"[1 0 0 220 -495 792 924 -792 -495 0 66 12 0 ]","+00+-++--0++0",233
1346345,"[1 0 0 220 0 -792 0 792 0 0 0 12 0 ]","+00+0-0+000+0",233
1341809,"[1 0 0 220 -495 0 0 0 495 0 0 12 0 ]","+00+-000+00+0",233
1341933,"[1 0 0 220 -495 0 0 792 0 -220 -66 0 1 ]","+00+-00+0--0+",233
1348413,"[1 0 0 220 0 0 0 792 -495 -220 -66 0 1 ]","+00+000+---0+",233
1333169,"[1 0 0 0 495 -792 0 792 -495 220 0 12 0 ]","+000+-0+-+0+0",233
1369637,"[1 0 66 -220 0 792 -924 792 0 -220 -66 12 0 ]","+0+-0+-+0--+0",233
1356713,"[1 0 0 220 495 792 0 -792 -495 0 0 12 0 ]","+00+++0--00+0",233
1339865,"[1 0 0 220 -495 -792 0 792 495 0 0 12 0 ]","+00+--0++00+0",233
1352825,"[1 0 0 220 495 -792 0 792 -495 0 0 12 0 ]","+00++-0+-00+0",233
1352249,"[1 0 0 220 495 -792 -924 792 495 0 -66 12 0 ]","+00++--++0-+0",233
1393685,"[1 0 66 0 495 0 -924 792 -495 220 66 12 0 ]","+0+0+0-+-+++0",233
1369617,"[1 0 66 -220 0 792 -924 792 -495 220 0 0 1 ]","+0+-0+-+-+00+",233
1363733,"[1 0 66 -220 -495 792 0 792 -495 -220 0 12 0 ]","+0+--+0+--0+0",233
1376117,"[1 0 66 -220 495 792 -924 792 -495 -220 -66 12 0 ]","+0+-++-+---+0",233
1356137,"[1 0 0 220 495 792 -924 -792 495 0 -66 12 0 ]","+00+++--+0-+0",233
1379825,"[1 0 66 0 -495 -792 924 792 -495 220 0 12 0 ]","+0+0--++-+0+0",233
1387205,"[1 0 66 0 0 0 -924 792 0 220 66 12 0 ]","+0+000-+0+++0",233
1354769,"[1 0 0 220 495 0 0 0 -495 0 0 12 0 ]","+00++000-00+0",233
1387673,"[1 0 66 0 0 0 0 0 0 220 -66 12 0 ]","+0+000000+-+0",233
1363137,"[1 0 66 -220 -495 792 -924 792 0 220 0 0 1 ]","+0+--+-+0+00+",233
1363157,"[1 0 66 -220 -495 792 -924 792 495 -220 -66 12 0 ]","+0+--+-++--+0",233
1381193,"[1 0 66 0 -495 0 0 0 495 220 -66 12 0 ]","+0+0-000++-+0",233
1401425,"[1 0 66 220 -495 0 924 0 -495 0 0 12 0 ]","+0++-0+0-00+0",233
1389617,"[1 0 66 0 0 792 0 -792 0 220 -66 12 0 ]","+0+00+0-0+-+0",233
1381769,"[1 0 66 0 -495 0 924 0 -495 220 0 12 0 ]","+0+0-0+0-+0+0",233
1385729,"[1 0 66 0 0 -792 0 792 0 220 -66 12 0 ]","+0+00-0+0+-+0",233
1411865,"[1 0 66 220 495 -792 0 792 -495 0 -66 12 0 ]","+0+++-0+-0-+0",233
1382793,"[1 0 66 0 -495 792 -924 792 0 0 0 0 1 ]","+0+0-+-+0000+",233
1399481,"[1 0 66 220 -495 -792 924 792 -495 0 0 12 0 ]","+0++--++-00+0",233
1379249,"[1 0 66 0 -495 -792 0 792 495 220 -66 12 0 ]","+0+0--0+++-+0",233
1380725,"[1 0 66 0 -495 0 -924 792 495 220 66 12 0 ]","+0+0-0-+++++0",233
1413809,"[1 0 66 220 495 0 0 0 -495 0 -66 12 0 ]","+0+++000-0-+0",233
1382669,"[1 0 66 0 -495 792 -924 0 495 220 66 12 0 ]","+0+0-+-0++++0",233
1389273,"[1 0 66 0 0 792 -924 792 -495 0 0 0 1 ]","+0+00+-+-000+",233
1392209,"[1 0 66 0 495 -792 0 792 -495 220 -66 12 0 ]","+0+0+-0+-+-+0",233
1406861,"[1 0 66 220 0 0 -924 792 0 0 66 12 0 ]","+0++00-+00++0",233
1383137,"[1 0 66 0 -495 792 0 -792 495 220 -66 12 0 ]","+0+0-+0-++-+0",233
1400381,"[1 0 66 220 -495 0 -924 792 495 0 66 12 0 ]","+0++-0-++0++0",233
1409273,"[1 0 66 220 0 792 0 -792 0 0 -66 12 0 ]","+0++0+0-00-+0",233
1396097,"[1 0 66 0 495 792 0 -792 -495 220 -66 12 0 ]","+0+0++0--+-+0",233
1408929,"[1 0 66 220 0 792 -924 792 -495 -220 0 0 1 ]","+0++0+-+--00+",233
1394153,"[1 0 66 0 495 0 0 0 -495 220 -66 12 0 ]","+0+0+000-+-+0",233
1408805,"[1 0 66 220 0 792 -924 0 0 0 66 12 0 ]","+0++0+-000++0",233
1389149,"[1 0 66 0 0 792 -924 0 0 220 66 12 0 ]","+0+00+-00+++0",233
1421197,"[1 12 -66 -220 -495 0 924 0 0 0 66 12 -1 ]","++---0+000++-",233
1383713,"[1 0 66 0 -495 792 924 -792 -495 220 0 12 0 ]","+0+0-++--+0+0",233
1415285,"[1 0 66 220 495 792 -924 0 -495 0 66 12 0 ]","+0++++-0-0++0",233
1402325,"[1 0 66 220 -495 792 -924 0 495 0 66 12 0 ]","+0++-+-0+0++0",233
1395629,"[1 0 66 0 495 792 -924 0 -495 220 66 12 0 ]","+0+0++-0-+++0",233
1403369,"[1 0 66 220 -495 792 924 -792 -495 0 0 12 0 ]","+0++-++--00+0",233
1405385,"[1 0 66 220 0 -792 0 792 0 0 -66 12 0 ]","+0++0-0+00-+0",233
1427677,"[1 12 -66 -220 0 0 924 0 -495 0 66 12 -1 ]","++--00+0-0++-",233
1429149,"[1 12 -66 -220 0 792 0 0 -495 220 0 -12 1 ]","++--0+00-+0-+",233
1398905,"[1 0 66 220 -495 -792 0 792 495 0 -66 12 0 ]","+0++--0++0-+0",233
1415753,"[1 0 66 220 495 792 0 -792 -495 0 -66 12 0 ]","+0++++0--0-+0",233
1420745,"[1 12 -66 -220 -495 0 0 792 495 -220 -66 0 0 ]","++---00++--00",233
1420725,"[1 12 -66 -220 -495 0 0 792 0 220 0 -12 1 ]","++---00+0+0-+",233
1442325,"[1 12 -66 0 -495 792 0 0 0 0 0 -12 1 ]","++-0-+00000-+",233
1413341,"[1 0 66 220 495 0 -924 792 -495 0 66 12 0 ]","+0+++0-+-0++0",233
1402793,"[1 0 66 220 -495 792 0 -792 495 0 -66 12 0 ]","+0++-+0-+0-+0",233
1402449,"[1 0 66 220 -495 792 -924 792 0 -220 0 0 1 ]","+0++-+-+0-00+",233
1419253,"[1 12 -66 -220 -495 -792 924 792 0 0 66 12 -1 ]","++----++00++-",233
1407329,"[1 0 66 220 0 0 0 0 0 0 -66 12 0 ]","+0++000000-+0",233
1433705,"[1 12 -66 -220 495 0 0 792 -495 -220 -66 0 0 ]","++--+00+---00",233
1400849,"[1 0 66 220 -495 0 0 0 495 0 -66 12 0 ]","+0++-000+0-+0",233
1428701,"[1 12 -66 -220 0 792 -924 792 0 -220 66 0 0 ]","++--0+-+0-+00",233
1440725,"[1 12 -66 0 -495 0 924 -792 495 220 -66 0 0 ]","++-0-0+-++-00",233
1428573,"[1 12 -66 -220 0 792 -924 0 495 220 -66 -12 1 ]","++--0+-0++--+",233
1422669,"[1 12 -66 -220 -495 792 0 0 0 220 0 -12 1 ]","++---+000+0-+",233
1448229,"[1 12 -66 0 0 792 -924 0 495 0 -66 -12 1 ]","++-00+-0+0--+",233
1425733,"[1 12 -66 -220 0 -792 924 792 -495 0 66 12 -1 ]","++--0-++-0++-",233
1421321,"[1 12 -66 -220 -495 0 924 792 -495 -220 0 0 0 ]","++---0++--000",233
1453685,"[1 12 -66 0 495 0 924 -792 -495 220 -66 0 0 ]","++-0+0+--+-00",233
1444813,"[1 12 -66 0 0 -792 0 792 495 -220 0 12 -1 ]","++-00-0++-0+-",233
1431637,"[1 12 -66 -220 495 -792 0 792 0 0 0 12 -1 ]","++--+-0+000+-",233
1440853,"[1 12 -66 0 -495 0 924 0 0 -220 66 12 -1 ]","++-0-0+00-++-",233
1426629,"[1 12 -66 -220 0 0 -924 792 495 220 -66 -12 1 ]","++--00-+++--+",233
1427101,"[1 12 -66 -220 0 0 0 0 495 0 0 12 -1 ]","++--0000+00+-",233
1425157,"[1 12 -66 -220 0 -792 0 792 495 0 0 12 -1 ]","++--0-0++00+-",233
1429169,"[1 12 -66 -220 0 792 0 0 0 -220 -66 0 0 ]","++--0+000--00",233
1429045,"[1 12 -66 -220 0 792 0 -792 495 0 0 12 -1 ]","++--0+0-+00+-",233
1451273,"[1 12 -66 0 495 -792 0 792 -495 220 66 0 0 ]","++-0+-0+-++00",233
1451293,"[1 12 -66 0 495 -792 0 792 0 -220 0 12 -1 ]","++-0+-0+0-0+-",233
1466393,"[1 12 -66 220 0 0 0 0 0 0 66 0 0 ]","++-+000000+00",233
1451741,"[1 12 -66 0 495 -792 924 0 -495 220 -66 0 0 ]","++-0+-+0-+-00",233
1435181,"[1 12 -66 -220 495 792 -924 792 -495 -220 66 0 0 ]","++--++-+--+00",233
1433581,"[1 12 -66 -220 495 0 0 0 0 0 0 12 -1 ]","++--+000000+-",233
1422221,"[1 12 -66 -220 -495 792 -924 792 495 -220 66 0 0 ]","++---+-++-+00",233
1455181,"[1 12 -66 0 495 792 0 -792 0 -220 0 12 -1 ]","++-0++0-0-0+-",233
1440257,"[1 12 -66 0 -495 0 0 0 495 220 66 0 0 ]","++-0-000+++00",233
1466517,"[1 12 -66 220 0 0 0 792 -495 -220 0 -12 1 ]","++-+000+--0-+",233
1423265,"[1 12 -66 -220 -495 792 924 0 -495 -220 0 0 0 ]","++---++0--000",233
1423141,"[1 12 -66 -220 -495 792 924 -792 0 0 66 12 -1 ]","++---++-00++-",233
1422689,"[1 12 -66 -220 -495 792 0 0 495 -220 -66 0 0 ]","++---+00+--00",233
1448805,"[1 12 -66 0 0 792 0 0 -495 0 0 -12 1 ]","++-00+00-00-+",233
1433109,"[1 12 -66 -220 495 0 -924 792 0 220 -66 -12 1 ]","++--+0-+0+--+",233
1427205,"[1 12 -66 -220 0 0 0 792 -495 220 0 -12 1 ]","++--000+-+0-+",233
1427225,"[1 12 -66 -220 0 0 0 792 0 -220 -66 0 0 ]","++--000+0--00",233
1429621,"[1 12 -66 -220 0 792 924 -792 -495 0 66 12 -1 ]","++--0++--0++-",233
1440381,"[1 12 -66 0 -495 0 0 792 0 0 0 -12 1 ]","++-0-00+000-+",233
1445261,"[1 12 -66 0 0 -792 924 0 0 220 -66 0 0 ]","++-00-+00+-00",233
1444793,"[1 12 -66 0 0 -792 0 792 0 220 66 0 0 ]","++-00-0+0++00",233
1445389,"[1 12 -66 0 0 -792 924 792 -495 -220 66 12 -1 ]","++-00-++--++-",233
1454585,"[1 12 -66 0 495 792 -924 -792 495 220 0 0 0 ]","++-0++--++000",233
1446757,"[1 12 -66 0 0 0 0 0 495 -220 0 12 -1 ]","++-00000+-0+-",233
1460037,"[1 12 -66 220 -495 0 0 792 0 -220 0 -12 1 ]","++-+-00+0-0-+",233
1453217,"[1 12 -66 0 495 0 0 0 -495 220 66 0 0 ]","++-0+000-++00",233
1453237,"[1 12 -66 0 495 0 0 0 0 -220 0 12 -1 ]","++-0+0000-0+-",233
1438313,"[1 12 -66 0 -495 -792 0 792 495 220 66 0 0 ]","++-0--0++++00",233
1442201,"[1 12 -66 0 -495 792 0 -792 495 220 66 0 0 ]","++-0-+0-+++00",233
1442797,"[1 12 -66 0 -495 792 924 -792 0 -220 66 12 -1 ]","++-0-++-0-++-",233
1452765,"[1 12 -66 0 495 0 -924 792 0 0 -66 -12 1 ]","++-0+0-+00--+",233
1457969,"[1 12 -66 220 -495 -792 0 792 495 0 66 0 0 ]","++-+--0++0+00",233
1435053,"[1 12 -66 -220 495 792 -924 0 0 220 -66 -12 1 ]","++--++-00+--+",233
1461857,"[1 12 -66 220 -495 792 0 -792 495 0 66 0 0 ]","++-+-+0-+0+00",233
1448681,"[1 12 -66 0 0 792 0 -792 0 220 66 0 0 ]","++-00+0-0++00",233
1448701,"[1 12 -66 0 0 792 0 -792 495 -220 0 12 -1 ]","++-00+0-+-0+-",233
1446861,"[1 12 -66 0 0 0 0 792 -495 0 0 -12 1 ]","++-0000+-00-+",233
1446737,"[1 12 -66 0 0 0 0 0 0 220 66 0 0 ]","++-000000++00",233
1438781,"[1 12 -66 0 -495 -792 924 0 495 220 -66 0 0 ]","++-0--+0++-00",233
1438909,"[1 12 -66 0 -495 -792 924 792 0 -220 66 12 -1 ]","++-0--++0-++-",233
1435649,"[1 12 -66 -220 495 792 0 0 -495 -220 -66 0 0 ]","++--++00---00",233
1460381,"[1 12 -66 220 -495 0 924 -792 495 0 -66 0 0 ]","++-+-0+-+0-00",233
1468461,"[1 12 -66 220 0 792 0 0 -495 -220 0 -12 1 ]","++-+0+00--0-+",233
1446285,"[1 12 -66 0 0 0 -924 792 495 0 -66 -12 1 ]","++-000-++0--+",233
1435525,"[1 12 -66 -220 495 792 0 -792 0 0 0 12 -1 ]","++--++0-000+-",233
1449277,"[1 12 -66 0 0 792 924 -792 -495 -220 66 12 -1 ]","++-00++---++-",233
1459913,"[1 12 -66 220 -495 0 0 0 495 0 66 0 0 ]","++-+-000+0+00",233
1455161,"[1 12 -66 0 495 792 0 -792 -495 220 66 0 0 ]","++-0++0--++00",233
1464793,"[1 12 -66 220 0 -792 924 -792 495 220 0 12 -1 ]","++-+0-+-++0+-",233
1470929,"[1 12 -66 220 495 -792 0 792 -495 0 66 0 0 ]","++-++-0+-0+00",233
1464917,"[1 12 -66 220 0 -792 924 0 0 0 -66 0 0 ]","++-+0-+000-00",233
1465941,"[1 12 -66 220 0 0 -924 792 495 -220 -66 -12 1 ]","++-+00-++---+",233
1450697,"[1 12 -66 0 495 -792 -924 792 495 220 0 0 0 ]","++-0+--+++000",233
1454709,"[1 12 -66 0 495 792 -924 0 0 0 -66 -12 1 ]","++-0++-000--+",233
1458437,"[1 12 -66 220 -495 -792 924 0 495 0 -66 0 0 ]","++-+--+0+0-00",233
1452641,"[1 12 -66 0 495 0 -924 0 495 220 0 0 0 ]","++-0+0-0++000",233
1479765,"[1 12 0 -220 -495 0 0 792 0 220 -66 -12 1 ]","++0--00+0+--+",233
1472873,"[1 12 -66 220 495 0 0 0 -495 0 66 0 0 ]","++-++000-0+00",233
1481241,"[1 12 0 -220 -495 792 -924 792 0 220 66 -12 1 ]","++0--+-+0++-+",233
1474365,"[1 12 -66 220 495 792 -924 0 0 -220 -66 -12 1 ]","++-+++-00---+",233
1478293,"[1 12 0 -220 -495 -792 924 792 0 0 0 12 -1 ]","++0---++000+-",233
1470353,"[1 12 -66 220 495 -792 -924 792 495 0 0 0 0 ]","++-++--++0000",233
1482305,"[1 12 0 -220 -495 792 924 0 -495 -220 -66 0 0 ]","++0--++0---00",233
1447333,"[1 12 -66 0 0 0 924 0 -495 -220 66 12 -1 ]","++-000+0--++-",233
1490677,"[1 12 0 -220 495 -792 0 792 0 0 -66 12 -1 ]","++0-+-0+00-+-",233
1486717,"[1 12 0 -220 0 0 924 0 -495 0 0 12 -1 ]","++0-00+0-00+-",233
1487721,"[1 12 0 -220 0 792 -924 792 -495 220 66 -12 1 ]","++0-0+-+-++-+",233
1487741,"[1 12 0 -220 0 792 -924 792 0 -220 0 0 0 ]","++0-0+-+0-000",233
1482181,"[1 12 0 -220 -495 792 924 -792 0 0 0 12 -1 ]","++0--++-000+-",233
1486141,"[1 12 0 -220 0 0 0 0 495 0 -66 12 -1 ]","++0-0000+0-+-",233
1488085,"[1 12 0 -220 0 792 0 -792 495 0 -66 12 -1 ]","++0-0+0-+0-+-",233
1447205,"[1 12 -66 0 0 0 924 -792 0 220 -66 0 0 ]","++-000+-0+-00",233
1473341,"[1 12 -66 220 495 0 924 -792 -495 0 -66 0 0 ]","++-++0+--0-00",233
1466861,"[1 12 -66 220 0 0 924 -792 0 0 -66 0 0 ]","++-+00+-00-00",233
1474241,"[1 12 -66 220 495 792 -924 -792 495 0 0 0 0 ]","++-+++--+0000",233
1461981,"[1 12 -66 220 -495 792 0 0 0 -220 0 -12 1 ]","++-+-+000-0-+",233
1474817,"[1 12 -66 220 495 792 0 -792 -495 0 66 0 0 ]","++-+++0--0+00",233
1472297,"[1 12 -66 220 495 0 -924 0 495 0 0 0 0 ]","++-++0-0+0000",233
1505901,"[1 12 0 0 0 0 0 792 -495 0 -66 -12 1 ]","++00000+-0--+",233
1484773,"[1 12 0 -220 0 -792 924 792 -495 0 0 12 -1 ]","++0-0-++-00+-",233
1472421,"[1 12 -66 220 495 0 -924 792 0 -220 -66 -12 1 ]","++-++0-+0---+",233
1486245,"[1 12 0 -220 0 0 0 792 -495 220 -66 -12 1 ]","++0-000+-+--+",233
1500897,"[1 12 0 0 -495 792 -924 792 0 0 66 -12 1 ]","++00-+-+00+-+",233
1494565,"[1 12 0 -220 495 792 0 -792 0 0 -66 12 -1 ]","++0-++0-00-+-",233
1504429,"[1 12 0 0 0 -792 924 792 -495 -220 0 12 -1 ]","++000-++--0+-",233
1467885,"[1 12 -66 220 0 792 -924 0 495 -220 -66 -12 1 ]","++-+0+-0+---+",233
1471397,"[1 12 -66 220 495 -792 924 0 -495 0 -66 0 0 ]","++-++-+0-0-00",233
1492153,"[1 12 0 -220 495 0 -924 792 0 0 66 12 -1 ]","++0-+0-+00++-",233
1480237,"[1 12 0 -220 -495 0 924 0 0 0 0 12 -1 ]","++0--0+0000+-",233
1481837,"[1 12 0 -220 -495 792 0 792 -495 -220 66 0 0 ]","++0--+0+--+00",233
1487617,"[1 12 0 -220 0 792 -924 0 495 0 66 12 -1 ]","++0-0+-0+0++-",233
1499421,"[1 12 0 0 -495 0 0 792 0 0 -66 -12 1 ]","++00-00+00--+",233
1481261,"[1 12 0 -220 -495 792 -924 792 495 -220 0 0 0 ]","++0--+-++-000",233
1480361,"[1 12 0 -220 -495 0 924 792 -495 -220 -66 0 0 ]","++0--0++---00",233
1471273,"[1 12 -66 220 495 -792 924 -792 0 220 0 12 -1 ]","++-++-+-0+0+-",233
1488189,"[1 12 0 -220 0 792 0 0 -495 220 -66 -12 1 ]","++0-0+00-+--+",233
1499873,"[1 12 0 0 -495 0 924 0 -495 220 66 0 0 ]","++00-0+0-++00",233
1499893,"[1 12 0 0 -495 0 924 0 0 -220 0 12 -1 ]","++00-0+00-0+-",233
1507273,"[1 12 0 0 0 792 -924 0 495 -220 66 12 -1 ]","++000+-0+-++-",233
1468337,"[1 12 -66 220 0 792 0 -792 0 0 66 0 0 ]","++-+0+0-00+00",233
1464449,"[1 12 -66 220 0 -792 0 792 0 0 66 0 0 ]","++-+0-0+00+00",233
1501365,"[1 12 0 0 -495 792 0 0 0 0 -66 -12 1 ]","++00-+0000--+",233
1485673,"[1 12 0 -220 0 0 -924 792 495 0 66 12 -1 ]","++0-00-++0++-",233
1497353,"[1 12 0 0 -495 -792 0 792 495 220 0 0 0 ]","++00--0+++000",233
1481709,"[1 12 0 -220 -495 792 0 0 0 220 -66 -12 1 ]","++0--+000+--+",233
1503833,"[1 12 0 0 0 -792 0 792 0 220 0 0 0 ]","++000-0+0+000",233
1501241,"[1 12 0 0 -495 792 0 -792 495 220 0 0 0 ]","++00-+0-++000",233
1499297,"[1 12 0 0 -495 0 0 0 495 220 0 0 0 ]","++00-000++000",233
1484197,"[1 12 0 -220 0 -792 0 792 495 0 -66 12 -1 ]","++0-0-0++0-+-",233
1519529,"[1 12 0 220 -495 0 924 0 -495 0 66 0 0 ]","++0+-0+0-0+00",233
1505797,"[1 12 0 0 0 0 0 0 495 -220 -66 12 -1 ]","++000000+--+-",233
1507721,"[1 12 0 0 0 792 0 -792 0 220 0 0 0 ]","++000+0-0+000",233
1507741,"[1 12 0 0 0 792 0 -792 495 -220 -66 12 -1 ]","++000+0-+--+-",233
1503853,"[1 12 0 0 0 -792 0 792 495 -220 -66 12 -1 ]","++000-0++--+-",233
1492621,"[1 12 0 -220 495 0 0 0 0 0 -66 12 -1 ]","++0-+00000-+-",233
1513625,"[1 12 0 0 495 792 -924 -792 495 220 -66 0 0 ]","++00++--++-00",233
1506373,"[1 12 0 0 0 0 924 0 -495 -220 0 12 -1 ]","++0000+0--0+-",233
1488661,"[1 12 0 -220 0 792 924 -792 -495 0 0 12 -1 ]","++0-0++--00+-",233
1501837,"[1 12 0 0 -495 792 924 -792 0 -220 0 12 -1 ]","++00-++-0-0+-",233
1505329,"[1 12 0 0 0 0 -924 792 495 -220 66 12 -1 ]","++0000-++-++-",233
1514221,"[1 12 0 0 495 792 0 -792 0 -220 -66 12 -1 ]","++00++0-0--+-",233
1509737,"[1 12 0 0 495 -792 -924 792 495 220 -66 0 0 ]","++00+--+++-00",233
1520897,"[1 12 0 220 -495 792 0 -792 495 0 0 0 0 ]","++0+-+0-+0000",233
1523365,"[1 12 0 220 0 -792 0 0 495 220 66 12 -1 ]","++0+0-00++++-",233
1511809,"[1 12 0 0 495 0 -924 792 0 -220 66 12 -1 ]","++00+0-+0-++-",233
1507377,"[1 12 0 0 0 792 -924 792 -495 0 66 -12 1 ]","++000+-+-0+-+",233
1505777,"[1 12 0 0 0 0 0 0 0 220 0 0 0 ]","++0000000+000",233
1539277,"[1 12 66 -220 -495 0 924 0 0 0 -66 12 -1 ]","+++--0+000-+-",233
1511681,"[1 12 0 0 495 0 -924 0 495 220 -66 0 0 ]","++00+0-0++-00",233
1513753,"[1 12 0 0 495 792 -924 0 0 -220 66 12 -1 ]","++00++-00-++-",233
1517585,"[1 12 0 220 -495 -792 924 792 -495 0 66 0 0 ]","++0+--++-0+00",233
1510313,"[1 12 0 0 495 -792 0 792 -495 220 0 0 0 ]","++00+-0+-+000",233
1510333,"[1 12 0 0 495 -792 0 792 0 -220 -66 12 -1 ]","++00+-0+0--+-",233
1507845,"[1 12 0 0 0 792 0 0 -495 0 -66 -12 1 ]","++000+00-0--+",233
1527033,"[1 12 0 220 0 792 -924 792 -495 -220 66 -12 1 ]","++0+0+-+--+-+",233
1494221,"[1 12 0 -220 495 792 -924 792 -495 -220 0 0 0 ]","++0-++-+--000",233
1494097,"[1 12 0 -220 495 792 -924 0 0 0 66 12 -1 ]","++0-++-000++-",233
1512257,"[1 12 0 0 495 0 0 0 -495 220 0 0 0 ]","++00+000-+000",233
1512277,"[1 12 0 0 495 0 0 0 0 -220 -66 12 -1 ]","++00+0000--+-",233
1525433,"[1 12 0 220 0 0 0 0 0 0 0 0 0 ]","++0+000000000",233
1501817,"[1 12 0 0 -495 792 924 -792 -495 220 66 0 0 ]","++00-++--++00",233
1518953,"[1 12 0 220 -495 0 0 0 495 0 0 0 0 ]","++0+-000+0000",233
1519077,"[1 12 0 220 -495 0 0 792 0 -220 -66 -12 1 ]","++0+-00+0---+",233
1497929,"[1 12 0 0 -495 -792 924 792 -495 220 66 0 0 ]","++00--++-++00",233
1497949,"[1 12 0 0 -495 -792 924 792 0 -220 0 12 -1 ]","++00--++0-0+-",233
1529845,"[1 12 0 220 495 -792 0 0 0 220 66 12 -1 ]","++0++-000+++-",233
1525557,"[1 12 0 220 0 0 0 792 -495 -220 -66 -12 1 ]","++0+000+----+",233
1544713,"[1 12 66 -220 0 0 -924 792 495 0 0 12 -1 ]","+++-00-++00+-",233
1523833,"[1 12 0 220 0 -792 924 -792 495 220 -66 12 -1 ]","++0+0-+-++-+-",233
1521473,"[1 12 0 220 -495 792 924 -792 -495 0 66 0 0 ]","++0+-++--0+00",233
1525309,"[1 12 0 220 0 0 0 -792 495 220 66 12 -1 ]","++0+000-++++-",233
1543813,"[1 12 66 -220 0 -792 924 792 -495 0 -66 12 -1 ]","+++-0-++-0-+-",233
1531337,"[1 12 0 220 495 0 -924 0 495 0 -66 0 0 ]","++0++0-0+0-00",233
1508317,"[1 12 0 0 0 792 924 -792 -495 -220 0 12 -1 ]","++000++---0+-",233
1517009,"[1 12 0 220 -495 -792 0 792 495 0 0 0 0 ]","++0+--0++0000",233
1521021,"[1 12 0 220 -495 792 0 0 0 -220 -66 -12 1 ]","++0+-+000---+",233
1514201,"[1 12 0 0 495 792 0 -792 -495 220 0 0 0 ]","++00++0--+000",233
1540281,"[1 12 66 -220 -495 792 -924 792 0 220 0 -12 1 ]","+++--+-+0+0-+",233
1531913,"[1 12 0 220 495 0 0 0 -495 0 0 0 0 ]","++0++000-0000",233
1533857,"[1 12 0 220 495 792 0 -792 -495 0 0 0 0 ]","++0+++0--0000",233
1538809,"[1 12 66 -220 -495 0 0 792 0 0 66 12 -1 ]","+++--00+00++-",233
1529969,"[1 12 0 220 495 -792 0 792 -495 0 0 0 0 ]","++0++-0+-0000",233
1530313,"[1 12 0 220 495 -792 924 -792 0 220 -66 12 -1 ]","++0++-+-0+-+-",233
1533281,"[1 12 0 220 495 792 -924 -792 495 0 -66 0 0 ]","++0+++--+0-00",233
1537333,"[1 12 66 -220 -495 -792 924 792 0 0 -66 12 -1 ]","+++---++00-+-",233
1540301,"[1 12 66 -220 -495 792 -924 792 495 -220 -66 0 0 ]","+++--+-++--00",233
1523489,"[1 12 0 220 0 -792 0 792 0 0 0 0 0 ]","++0+0-0+00000",233
1520553,"[1 12 0 220 -495 792 -924 792 0 -220 66 -12 1 ]","++0+-+-+0-+-+",233
1564369,"[1 12 66 0 0 0 -924 792 495 -220 0 12 -1 ]","+++000-++-0+-",233
1546657,"[1 12 66 -220 0 792 -924 0 495 0 0 12 -1 ]","+++-0+-0+00+-",233
1531789,"[1 12 0 220 495 0 0 -792 0 220 66 12 -1 ]","++0++00-0+++-",233
1541221,"[1 12 66 -220 -495 792 924 -792 0 0 -66 12 -1 ]","+++--++-00-+-",233
1527377,"[1 12 0 220 0 792 0 -792 0 0 0 0 0 ]","++0+0+0-00000",233
1545289,"[1 12 66 -220 0 0 0 792 -495 0 66 12 -1 ]","+++-000+-0++-",233
1545757,"[1 12 66 -220 0 0 924 0 -495 0 -66 12 -1 ]","+++-00+0-0-+-",233
1559937,"[1 12 66 0 -495 792 -924 792 0 0 0 -12 1 ]","+++0-+-+000-+",233
1564349,"[1 12 66 0 0 0 -924 792 0 220 66 0 0 ]","+++000-+0++00",233
1527501,"[1 12 0 220 0 792 0 0 -495 -220 -66 -12 1 ]","++0+0+00----+",233
1559813,"[1 12 66 0 -495 792 -924 0 495 220 66 0 0 ]","+++0-+-0+++00",233
1560857,"[1 12 66 0 -495 792 924 -792 -495 220 0 0 0 ]","+++0-++--+000",233
1540753,"[1 12 66 -220 -495 792 0 0 0 0 66 12 -1 ]","+++--+0000++-",233
1585949,"[1 12 66 220 0 792 -924 0 0 0 66 0 0 ]","++++0+-000+00",233
1546761,"[1 12 66 -220 0 792 -924 792 -495 220 0 -12 1 ]","+++-0+-+-+0-+",233
1546781,"[1 12 66 -220 0 792 -924 792 0 -220 -66 0 0 ]","+++-0+-+0--00",233
1547233,"[1 12 66 -220 0 792 0 0 -495 0 66 12 -1 ]","+++-0+00-0++-",233
1529393,"[1 12 0 220 495 -792 -924 792 495 0 -66 0 0 ]","++0++--++0-00",233
1558465,"[1 12 66 0 -495 0 0 792 0 -220 66 12 -1 ]","+++0-00+0-++-",233
1570849,"[1 12 66 0 495 0 -924 792 0 -220 0 12 -1 ]","+++0+0-+0-0+-",233
1586073,"[1 12 66 220 0 792 -924 792 -495 -220 0 -12 1 ]","++++0+-+--0-+",233
1558337,"[1 12 66 0 -495 0 0 0 495 220 -66 0 0 ]","+++0-000++-00",233
1540877,"[1 12 66 -220 -495 792 0 792 -495 -220 0 0 0 ]","+++--+0+--000",233
1560877,"[1 12 66 0 -495 792 924 -792 0 -220 -66 12 -1 ]","+++0-++-0--+-",233
1562873,"[1 12 66 0 0 -792 0 792 0 220 -66 0 0 ]","+++00-0+0+-00",233
1584005,"[1 12 66 220 0 0 -924 792 0 0 66 0 0 ]","++++00-+00+00",233
1553137,"[1 12 66 -220 495 792 -924 0 0 0 0 12 -1 ]","+++-++-0000+-",233
1577525,"[1 12 66 220 -495 0 -924 792 495 0 66 0 0 ]","++++-0-++0+00",233
1565413,"[1 12 66 0 0 0 924 0 -495 -220 -66 12 -1 ]","+++000+0---+-",233
1582981,"[1 12 66 220 0 -792 924 0 -495 220 66 12 -1 ]","++++0-+0-+++-",233
1564945,"[1 12 66 0 0 0 0 792 -495 -220 66 12 -1 ]","+++0000+--++-",233
1551193,"[1 12 66 -220 495 0 -924 792 0 0 0 12 -1 ]","+++-+0-+000+-",233
1553261,"[1 12 66 -220 495 792 -924 792 -495 -220 -66 0 0 ]","+++-++-+---00",233
1570829,"[1 12 66 0 495 0 -924 792 -495 220 66 0 0 ]","+++0+0-+-++00",233
1571297,"[1 12 66 0 495 0 0 0 -495 220 -66 0 0 ]","+++0+000-+-00",233
1566889,"[1 12 66 0 0 792 0 0 -495 -220 66 12 -1 ]","+++00+00--++-",233
1547701,"[1 12 66 -220 0 792 924 -792 -495 0 -66 12 -1 ]","+++-0++--0-+-",233
1558913,"[1 12 66 0 -495 0 924 0 -495 220 0 0 0 ]","+++0-0+0-+000",233
1558933,"[1 12 66 0 -495 0 924 0 0 -220 -66 12 -1 ]","+++0-0+00--+-",233
1584925,"[1 12 66 220 0 0 924 -792 -495 220 66 12 -1 ]","++++00+--+++-",233
1556393,"[1 12 66 0 -495 -792 0 792 495 220 -66 0 0 ]","+++0--0+++-00",233
1576625,"[1 12 66 220 -495 -792 924 792 -495 0 0 0 0 ]","++++--++-0000",233
1566761,"[1 12 66 0 0 792 0 -792 0 220 -66 0 0 ]","+++00+0-0+-00",233
1556969,"[1 12 66 0 -495 -792 924 792 -495 220 0 0 0 ]","+++0--++-+000",233
1556989,"[1 12 66 0 -495 -792 924 792 0 -220 -66 12 -1 ]","+++0--++0--+-",233
1576501,"[1 12 66 220 -495 -792 924 0 0 220 66 12 -1 ]","++++--+00+++-",233
1560281,"[1 12 66 0 -495 792 0 -792 495 220 -66 0 0 ]","+++0-+0-++-00",233
1563469,"[1 12 66 0 0 -792 924 792 -495 -220 -66 12 -1 ]","+++00-++---+-",233
1560409,"[1 12 66 0 -495 792 0 0 0 -220 66 12 -1 ]","+++0-+000-++-",233
1566313,"[1 12 66 0 0 792 -924 0 495 -220 0 12 -1 ]","+++00+-0+-0+-",233
1566417,"[1 12 66 0 0 792 -924 792 -495 0 0 -12 1 ]","+++00+-+-00-+",233
1586417,"[1 12 66 220 0 792 0 -792 0 0 -66 0 0 ]","++++0+0-00-00",233
1577993,"[1 12 66 220 -495 0 0 0 495 0 -66 0 0 ]","++++-000+0-00",233
1566293,"[1 12 66 0 0 792 -924 0 0 220 66 0 0 ]","+++00+-00++00",233
1569353,"[1 12 66 0 495 -792 0 792 -495 220 -66 0 0 ]","+++0+-0+-+-00",233
1573241,"[1 12 66 0 495 792 0 -792 -495 220 -66 0 0 ]","+++0++0--+-00",233
1572773,"[1 12 66 0 495 792 -924 0 -495 220 66 0 0 ]","+++0++-0-++00",233
1572793,"[1 12 66 0 495 792 -924 0 0 -220 0 12 -1 ]","+++0++-00-0+-",233
1564817,"[1 12 66 0 0 0 0 0 0 220 -66 0 0 ]","+++000000+-00",233
1578569,"[1 12 66 220 -495 0 924 0 -495 0 0 0 0 ]","++++-0+0-0000",233
1578445,"[1 12 66 220 -495 0 924 -792 0 220 66 12 -1 ]","++++-0+-0+++-",233
1590829,"[1 12 66 220 495 0 0 -792 0 220 0 12 -1 ]","+++++00-0+0+-",233
1584349,"[1 12 66 220 0 0 0 -792 495 220 0 12 -1 ]","++++000-++0+-",233
1590953,"[1 12 66 220 495 0 0 0 -495 0 -66 0 0 ]","+++++000-0-00",233
1588885,"[1 12 66 220 495 -792 0 0 0 220 0 12 -1 ]","+++++-000+0+-",233
1592897,"[1 12 66 220 495 792 0 -792 -495 0 -66 0 0 ]","++++++0--0-00",233
1582529,"[1 12 66 220 0 -792 0 792 0 0 -66 0 0 ]","++++0-0+00-00",233
1582405,"[1 12 66 220 0 -792 0 0 495 220 0 12 -1 ]","++++0-00++0+-",233
1589009,"[1 12 66 220 495 -792 0 792 -495 0 -66 0 0 ]","+++++-0+-0-00",233
1592429,"[1 12 66 220 495 792 -924 0 -495 0 66 0 0 ]","++++++-0-0+00",233
1567357,"[1 12 66 0 0 792 924 -792 -495 -220 -66 12 -1 ]","+++00++----+-",233
1557869,"[1 12 66 0 -495 0 -924 792 495 220 66 0 0 ]","+++0-0-++++00",233
1579937,"[1 12 66 220 -495 792 0 -792 495 0 -66 0 0 ]","++++-+0-+0-00",233
1580513,"[1 12 66 220 -495 792 924 -792 -495 0 0 0 0 ]","++++-++--0000",233
1579469,"[1 12 66 220 -495 792 -924 0 495 0 66 0 0 ]","++++-+-0+0+00",233
1584473,"[1 12 66 220 0 0 0 0 0 0 -66 0 0 ]","++++000000-00",233
1576049,"[1 12 66 220 -495 -792 0 792 495 0 -66 0 0 ]","++++--0++0-00",233
1590485,"[1 12 66 220 495 0 -924 792 -495 0 66 0 0 ]","+++++0-+-0+00",233
1579593,"[1 12 66 220 -495 792 -924 792 0 -220 0 -12 1 ]","++++-+-+0-0-+",233
