Step,Sequence,Choices,Sum
184917,"[0 -11 -55 0 -330 0 0 330 165 55 -11 1 ]","0--0-00+++-+",144
189018,"[0 -11 -55 0 330 0 -462 330 0 0 11 1 ]","0--0+0-+00++",144
189156,"[0 -11 -55 0 330 0 0 0 -165 55 -11 1 ]","0--0+000-+-+",144
189129,"[0 -11 -55 0 330 0 0 -330 165 55 -11 1 ]","0--0+00-++-+",144
181284,"[0 -11 -55 -165 0 462 462 -330 -165 -55 0 1 ]","0---0++---0+",144
186564,"[0 -11 -55 0 0 -462 462 330 -165 55 -11 1 ]","0--00-++-+-+",144
186537,"[0 -11 -55 0 0 -462 462 0 165 55 -11 1 ]","0--00-+0++-+",144
181002,"[0 -11 -55 -165 0 462 -462 330 0 55 -11 1 ]","0---0+-+0+-+",144
183108,"[0 -11 -55 -165 330 462 -462 0 0 55 -11 1 ]","0---++-00+-+",144
185403,"[0 -11 -55 0 -330 462 -462 330 165 55 -11 1 ]","0--0-+-+++-+",144
182622,"[0 -11 -55 -165 330 0 0 0 0 55 -11 1 ]","0---+0000+-+",144
180516,"[0 -11 -55 -165 0 0 0 330 0 55 -11 1 ]","0---000+0+-+",144
181998,"[0 -11 -55 -165 330 -462 0 330 165 0 11 1 ]","0---+-0++0++",144
193071,"[0 -11 -55 165 0 -462 462 0 0 55 -11 1 ]","0--+0-+00+-+",144
182136,"[0 -11 -55 -165 330 -462 462 0 0 55 -11 1 ]","0---+-+00+-+",144
184431,"[0 -11 -55 0 -330 -462 462 330 165 55 -11 1 ]","0--0--++++-+",144
200190,"[0 -11 0 -165 0 0 0 330 0 0 -11 1 ]","0-0-000+00-+",144
187050,"[0 -11 -55 0 0 0 0 330 -165 55 -11 1 ]","0--0000+-+-+",144
195663,"[0 -11 -55 165 330 0 0 -330 0 55 -11 1 ]","0--++00-0+-+",144
189642,"[0 -11 -55 0 330 462 -462 0 -165 55 -11 1 ]","0--0++-0-+-+",144
182484,"[0 -11 -55 -165 330 0 -462 330 165 0 11 1 ]","0---+0-++0++",144
187536,"[0 -11 -55 0 0 462 -462 330 -165 55 -11 1 ]","0--00+-+-+-+",144
191451,"[0 -11 -55 165 -330 0 0 330 0 55 -11 1 ]","0--+-00+0+-+",144
185685,"[0 -11 -55 0 -330 462 462 -330 0 -55 0 1 ]","0--0-++-0-0+",144
196149,"[0 -11 -55 165 330 462 -462 -330 0 55 -11 1 ]","0--+++--0+-+",144
195039,"[0 -11 -55 165 330 -462 0 0 165 0 11 1 ]","0--++-00+0++",144
188643,"[0 -11 -55 0 330 -462 462 -330 165 55 -11 1 ]","0--0+-+-++-+",144
188670,"[0 -11 -55 0 330 -462 462 0 -165 55 -11 1 ]","0--0+-+0-+-+",144
193557,"[0 -11 -55 165 0 0 0 0 0 55 -11 1 ]","0--+00000+-+",144
179151,"[0 -11 -55 -165 -330 462 462 -330 165 -55 0 1 ]","0----++-+-0+",144
180030,"[0 -11 -55 -165 0 -462 462 330 0 55 -11 1 ]","0---0-++0+-+",144
192219,"[0 -11 -55 165 -330 462 462 -330 -165 -55 0 1 ]","0--+-++---0+",144
187023,"[0 -11 -55 0 0 0 0 0 165 55 -11 1 ]","0--00000++-+",144
187509,"[0 -11 -55 0 0 462 -462 0 165 55 -11 1 ]","0--00+-0++-+",144
189615,"[0 -11 -55 0 330 462 -462 -330 165 55 -11 1 ]","0--0++--++-+",144
188532,"[0 -11 -55 0 330 -462 0 330 0 0 11 1 ]","0--0+-0+00++",144
190965,"[0 -11 -55 165 -330 -462 462 330 0 55 -11 1 ]","0--+--++0+-+",144
208692,"[0 -11 0 0 330 0 -462 330 0 -55 11 1 ]","0-00+0-+0-++",144
179178,"[0 -11 -55 -165 -330 462 462 0 -165 -55 0 1 ]","0----++0--0+",144
208803,"[0 -11 0 0 330 0 0 -330 165 0 -11 1 ]","0-00+00-+0-+",144
208830,"[0 -11 0 0 330 0 0 0 -165 0 -11 1 ]","0-00+000-0-+",144
208206,"[0 -11 0 0 330 -462 0 330 0 -55 11 1 ]","0-00+-0+0-++",144
206724,"[0 -11 0 0 0 0 0 330 -165 0 -11 1 ]","0-00000+-0-+",144
208344,"[0 -11 0 0 330 -462 462 0 -165 0 -11 1 ]","0-00+-+0-0-+",144
205359,"[0 -11 0 0 -330 462 462 -330 -165 55 0 1 ]","0-00-++--+0+",144
208317,"[0 -11 0 0 330 -462 462 -330 165 0 -11 1 ]","0-00+-+-+0-+",144
214740,"[0 -11 0 165 330 -462 0 330 -165 -55 11 1 ]","0-0++-0+--++",144
195066,"[0 -11 -55 165 330 -462 0 330 -165 0 11 1 ]","0--++-0+-0++",144
205077,"[0 -11 0 0 -330 462 -462 330 165 0 -11 1 ]","0-00-+-++0-+",144
214713,"[0 -11 0 165 330 -462 0 0 165 -55 11 1 ]","0-0++-00+-++",144
200676,"[0 -11 0 -165 0 462 -462 330 0 0 -11 1 ]","0-0-0+-+00-+",144
201672,"[0 -11 0 -165 330 -462 0 330 165 -55 11 1 ]","0-0-+-0++-++",144
206211,"[0 -11 0 0 0 -462 462 0 165 0 -11 1 ]","0-000-+0+0-+",144
206238,"[0 -11 0 0 0 -462 462 330 -165 0 -11 1 ]","0-000-++-0-+",144
192933,"[0 -11 -55 165 0 -462 0 330 165 0 11 1 ]","0--+0-0++0++",144
210639,"[0 -11 0 165 -330 -462 462 330 0 0 -11 1 ]","0-0+--++00-+",144
198825,"[0 -11 0 -165 -330 462 462 -330 0 55 0 1 ]","0-0--++-0+0+",144
194043,"[0 -11 -55 165 0 462 -462 0 0 55 -11 1 ]","0--+0+-00+-+",144
193419,"[0 -11 -55 165 0 0 -462 330 165 0 11 1 ]","0--+00-++0++",144
195525,"[0 -11 -55 165 330 0 -462 0 165 0 11 1 ]","0--++0-0+0++",144
195552,"[0 -11 -55 165 330 0 -462 330 -165 0 11 1 ]","0--++0-+-0++",144
206697,"[0 -11 0 0 0 0 0 0 165 0 -11 1 ]","0-000000+0-+",144
207183,"[0 -11 0 0 0 462 -462 0 165 0 -11 1 ]","0-000+-0+0-+",144
195177,"[0 -11 -55 165 330 -462 462 -330 0 55 -11 1 ]","0--++-+-0+-+",144
191937,"[0 -11 -55 165 -330 462 -462 330 0 55 -11 1 ]","0--+-+-+0+-+",144
202296,"[0 -11 0 -165 330 0 0 0 0 0 -11 1 ]","0-0-+00000-+",144
202158,"[0 -11 0 -165 330 0 -462 330 165 -55 11 1 ]","0-0-+0-++-++",144
204105,"[0 -11 0 0 -330 -462 462 330 165 0 -11 1 ]","0-00--+++0-+",144
204591,"[0 -11 0 0 -330 0 0 330 165 0 -11 1 ]","0-00-00++0-+",144
221484,"[0 -11 55 -165 330 -462 462 0 0 -55 -11 1 ]","0-+-+-+00--+",144
212607,"[0 -11 0 165 0 -462 0 330 165 -55 11 1 ]","0-0+0-0++-++",144
207210,"[0 -11 0 0 0 462 -462 330 -165 0 -11 1 ]","0-000+-+-0-+",144
201810,"[0 -11 0 -165 330 -462 462 0 0 0 -11 1 ]","0-0-+-+000-+",144
199704,"[0 -11 0 -165 0 -462 462 330 0 0 -11 1 ]","0-0-0-++00-+",144
213717,"[0 -11 0 165 0 462 -462 0 0 0 -11 1 ]","0-0+0+-000-+",144
202782,"[0 -11 0 -165 330 462 -462 0 0 0 -11 1 ]","0-0-++-000-+",144
211125,"[0 -11 0 165 -330 0 0 330 0 0 -11 1 ]","0-0+-00+00-+",144
215199,"[0 -11 0 165 330 0 -462 0 165 -55 11 1 ]","0-0++0-0+-++",144
220350,"[0 -11 55 -165 0 462 -462 330 0 -55 -11 1 ]","0-+-0+-+0--+",144
215226,"[0 -11 0 165 330 0 -462 330 -165 -55 11 1 ]","0-0++0-+--++",144
218499,"[0 -11 55 -165 -330 462 462 -330 0 0 0 1 ]","0-+--++-000+",144
213231,"[0 -11 0 165 0 0 0 0 0 0 -11 1 ]","0-0+000000-+",144
212745,"[0 -11 0 165 0 -462 462 0 0 0 -11 1 ]","0-0+0-+000-+",144
211611,"[0 -11 0 165 -330 462 -462 330 0 0 -11 1 ]","0-0+-+-+00-+",144
228963,"[0 -11 55 0 330 462 -462 -330 165 -55 -11 1 ]","0-+0++--+--+",144
228990,"[0 -11 55 0 330 462 -462 0 -165 -55 -11 1 ]","0-+0++-0---+",144
215337,"[0 -11 0 165 330 0 0 -330 0 0 -11 1 ]","0-0++00-00-+",144
213093,"[0 -11 0 165 0 0 -462 330 165 -55 11 1 ]","0-0+00-++-++",144
209316,"[0 -11 0 0 330 462 -462 0 -165 0 -11 1 ]","0-00++-0-0-+",144
219864,"[0 -11 55 -165 0 0 0 330 0 -55 -11 1 ]","0-+-000+0--+",144
224265,"[0 -11 55 0 -330 0 0 330 165 -55 -11 1 ]","0-+0-00++--+",144
214851,"[0 -11 0 165 330 -462 462 -330 0 0 -11 1 ]","0-0++-+-00-+",144
209289,"[0 -11 0 0 330 462 -462 -330 165 0 -11 1 ]","0-00++--+0-+",144
219378,"[0 -11 55 -165 0 -462 462 330 0 -55 -11 1 ]","0-+-0-++0--+",144
234387,"[0 -11 55 165 330 -462 0 0 0 55 11 1 ]","0-+++-000+++",144
248064,"[0 0 -55 0 330 0 -462 330 0 0 0 1 ]","00-0+0-+000+",144
225033,"[0 -11 55 0 -330 462 462 -330 -165 0 0 1 ]","0-+0-++--00+",144
226884,"[0 -11 55 0 0 462 -462 330 -165 -55 -11 1 ]","0-+00+-+---+",144
232905,"[0 -11 55 165 0 0 0 0 0 -55 -11 1 ]","0-++00000--+",144
226233,"[0 -11 55 0 0 0 -462 330 165 55 11 1 ]","0-+000-+++++",144
230313,"[0 -11 55 165 -330 -462 462 330 0 -55 -11 1 ]","0-++--++0--+",144
226371,"[0 -11 55 0 0 0 0 0 165 -55 -11 1 ]","0-+00000+--+",144
226398,"[0 -11 55 0 0 0 0 330 -165 -55 -11 1 ]","0-+0000+---+",144
226857,"[0 -11 55 0 0 462 -462 0 165 -55 -11 1 ]","0-+00+-0+--+",144
228477,"[0 -11 55 0 330 0 0 -330 165 -55 -11 1 ]","0-+0+00-+--+",144
221832,"[0 -11 55 -165 330 0 -462 330 0 55 11 1 ]","0-+-+0-+0+++",144
228504,"[0 -11 55 0 330 0 0 0 -165 -55 -11 1 ]","0-+0+000---+",144
228339,"[0 -11 55 0 330 0 -462 0 165 55 11 1 ]","0-+0+0-0++++",144
233391,"[0 -11 55 165 0 462 -462 0 0 -55 -11 1 ]","0-++0+-00--+",144
224751,"[0 -11 55 0 -330 462 -462 330 165 -55 -11 1 ]","0-+0-+-++--+",144
222456,"[0 -11 55 -165 330 462 -462 0 0 -55 -11 1 ]","0-+-++-00--+",144
228366,"[0 -11 55 0 330 0 -462 330 -165 55 11 1 ]","0-+0+0-+-+++",144
215823,"[0 -11 0 165 330 462 -462 -330 0 0 -11 1 ]","0-0+++--00-+",144
223779,"[0 -11 55 0 -330 -462 462 330 165 -55 -11 1 ]","0-+0--+++--+",144
230799,"[0 -11 55 165 -330 0 0 330 0 -55 -11 1 ]","0-++-00+0--+",144
232767,"[0 -11 55 165 0 0 -462 330 0 55 11 1 ]","0-++00-+0+++",144
242298,"[0 0 -55 -165 330 462 0 -330 -165 55 11 1 ]","00--++0--+++",144
227991,"[0 -11 55 0 330 -462 462 -330 165 -55 -11 1 ]","0-+0+-+-+--+",144
221970,"[0 -11 55 -165 330 0 0 0 0 -55 -11 1 ]","0-+-+0000--+",144
221346,"[0 -11 55 -165 330 -462 0 330 0 55 11 1 ]","0-+-+-0+0+++",144
225885,"[0 -11 55 0 0 -462 462 0 165 -55 -11 1 ]","0-+00-+0+--+",144
241044,"[0 0 -55 -165 330 -462 0 330 165 0 0 1 ]","00--+-0++00+",144
237573,"[0 0 -55 -165 -330 0 462 0 165 55 11 1 ]","00---0+0++++",144
237600,"[0 0 -55 -165 -330 0 462 330 -165 55 11 1 ]","00---0++-+++",144
227853,"[0 -11 55 0 330 -462 0 0 165 55 11 1 ]","0-+0+-00++++",144
247578,"[0 0 -55 0 330 -462 0 330 0 0 0 1 ]","00-0+-0+000+",144
251265,"[0 0 -55 165 -330 462 462 -330 -165 -55 -11 1 ]","00-+-++----+",144
228018,"[0 -11 55 0 330 -462 462 0 -165 -55 -11 1 ]","0-+0+-+0---+",144
225747,"[0 -11 55 0 0 -462 0 330 165 55 11 1 ]","0-+00-0+++++",144
250614,"[0 0 -55 165 -330 0 462 -330 165 55 11 1 ]","00-+-0+-++++",144
240330,"[0 0 -55 -165 0 462 462 -330 -165 -55 -11 1 ]","00--0++----+",144
227880,"[0 -11 55 0 330 -462 0 330 -165 55 11 1 ]","0-+0+-0+-+++",144
235497,"[0 -11 55 165 330 462 -462 -330 0 -55 -11 1 ]","0-++++--0--+",144
225912,"[0 -11 55 0 0 -462 462 330 -165 -55 -11 1 ]","0-+00-++---+",144
240165,"[0 0 -55 -165 0 462 0 -330 165 55 11 1 ]","00--0+0-++++",144
240192,"[0 0 -55 -165 0 462 0 0 -165 55 11 1 ]","00--0+00-+++",144
241812,"[0 0 -55 -165 330 0 462 -330 -165 55 11 1 ]","00--+0+--+++",144
232281,"[0 -11 55 165 0 -462 0 330 0 55 11 1 ]","0-++0-0+0+++",144
238197,"[0 0 -55 -165 -330 462 462 -330 165 -55 -11 1 ]","00---++-+--+",144
246213,"[0 0 -55 0 0 0 462 -330 0 55 11 1 ]","00-000+-0+++",144
239706,"[0 0 -55 -165 0 0 462 0 -165 55 11 1 ]","00--00+0-+++",144
252465,"[0 0 -55 165 0 0 -462 330 165 0 0 1 ]","00-+00-++00+",144
257733,"[0 0 0 -165 -330 462 0 0 165 0 11 1 ]","000--+00+0++",144
257760,"[0 0 0 -165 -330 462 0 330 -165 0 11 1 ]","000--+0+-0++",144
232419,"[0 -11 55 165 0 -462 462 0 0 -55 -11 1 ]","0-++0-+00--+",144
259353,"[0 0 0 -165 0 0 462 -330 165 0 11 1 ]","000-00+-+0++",144
244593,"[0 0 -55 0 -330 462 0 0 0 55 11 1 ]","00-0-+000+++",144
235011,"[0 -11 55 165 330 0 0 -330 0 -55 -11 1 ]","0-+++00-0--+",144
238224,"[0 0 -55 -165 -330 462 462 0 -165 -55 -11 1 ]","00---++0---+",144
238086,"[0 0 -55 -165 -330 462 0 330 -165 55 11 1 ]","00---+0+-+++",144
251127,"[0 0 -55 165 -330 462 0 0 -165 55 11 1 ]","00-+-+00-+++",144
244107,"[0 0 -55 0 -330 0 462 0 0 55 11 1 ]","00-0-0+00+++",144
257247,"[0 0 0 -165 -330 0 462 0 165 0 11 1 ]","000--0+0+0++",144
244731,"[0 0 -55 0 -330 462 462 -330 0 -55 -11 1 ]","00-0-++-0--+",144
241530,"[0 0 -55 -165 330 0 -462 330 165 0 0 1 ]","00--+0-++00+",144
246699,"[0 0 -55 0 0 462 0 -330 0 55 11 1 ]","00-00+0-0+++",144
257274,"[0 0 0 -165 -330 0 462 330 -165 0 11 1 ]","000--0++-0++",144
257871,"[0 0 0 -165 -330 462 462 -330 0 55 -11 1 ]","000--++-0+-+",144
250641,"[0 0 -55 165 -330 0 462 0 -165 55 11 1 ]","00-+-0+0-+++",144
251100,"[0 0 -55 165 -330 462 0 -330 165 55 11 1 ]","00-+-+0-++++",144
253233,"[0 0 -55 165 0 462 0 -330 -165 55 11 1 ]","00-+0+0--+++",144
231285,"[0 -11 55 165 -330 462 -462 330 0 -55 -11 1 ]","0-++-+-+0--+",144
238059,"[0 0 -55 -165 -330 462 0 0 165 55 11 1 ]","00---+00++++",144
234873,"[0 -11 55 165 330 0 -462 0 0 55 11 1 ]","0-+++0-00+++",144
261972,"[0 0 0 -165 330 462 0 -330 -165 0 11 1 ]","000-++0--0++",144
239679,"[0 0 -55 -165 0 0 462 -330 165 55 11 1 ]","00--00+-++++",144
261204,"[0 0 0 -165 330 0 -462 330 165 -55 0 1 ]","000-+0-++-0+",144
234525,"[0 -11 55 165 330 -462 462 -330 0 -55 -11 1 ]","0-+++-+-0--+",144
259839,"[0 0 0 -165 0 462 0 -330 165 0 11 1 ]","000-0+0-+0++",144
267738,"[0 0 0 0 330 0 -462 330 0 -55 0 1 ]","0000+0-+0-0+",144
263781,"[0 0 0 0 -330 0 462 0 0 0 11 1 ]","0000-0+000++",144
264405,"[0 0 0 0 -330 462 462 -330 -165 55 -11 1 ]","0000-++--+-+",144
264267,"[0 0 0 0 -330 462 0 0 0 0 11 1 ]","0000-+0000++",144
252747,"[0 0 -55 165 0 0 462 -330 -165 55 11 1 ]","00-+00+--+++",144
259380,"[0 0 0 -165 0 0 462 0 -165 0 11 1 ]","000-00+0-0++",144
277407,"[0 0 55 -165 -330 462 0 0 165 -55 11 1 ]","00+--+00+-++",144
272907,"[0 0 0 165 0 462 0 -330 -165 0 11 1 ]","000+0+0--0++",144
277434,"[0 0 55 -165 -330 462 0 330 -165 -55 11 1 ]","00+--+0+--++",144
271653,"[0 0 0 165 0 -462 0 330 165 -55 0 1 ]","000+0-0++-0+",144
259866,"[0 0 0 -165 0 462 0 0 -165 0 11 1 ]","000-0+00-0++",144
280392,"[0 0 55 -165 330 -462 0 330 0 55 0 1 ]","00+-+-0+0+0+",144
261486,"[0 0 0 -165 330 0 462 -330 -165 0 11 1 ]","000-+0+--0++",144
272421,"[0 0 0 165 0 0 462 -330 -165 0 11 1 ]","000+00+--0++",144
254085,"[0 0 -55 165 330 -462 0 0 165 0 0 1 ]","00-++-00+00+",144
254112,"[0 0 -55 165 330 -462 0 330 -165 0 0 1 ]","00-++-0+-00+",144
270288,"[0 0 0 165 -330 0 462 -330 165 0 11 1 ]","000+-0+-+0++",144
270315,"[0 0 0 165 -330 0 462 0 -165 0 11 1 ]","000+-0+0-0++",144
254598,"[0 0 -55 165 330 0 -462 330 -165 0 0 1 ]","00-++0-+-00+",144
254571,"[0 0 -55 165 330 0 -462 0 165 0 0 1 ]","00-++0-0+00+",144
272139,"[0 0 0 165 0 0 -462 330 165 -55 0 1 ]","000+00-++-0+",144
273759,"[0 0 0 165 330 -462 0 0 165 -55 0 1 ]","000++-00+-0+",144
266373,"[0 0 0 0 0 462 0 -330 0 0 11 1 ]","00000+0-00++",144
251979,"[0 0 -55 165 0 -462 0 330 165 0 0 1 ]","00-+0-0++00+",144
273786,"[0 0 0 165 330 -462 0 330 -165 -55 0 1 ]","000++-0+--0+",144
276921,"[0 0 55 -165 -330 0 462 0 165 -55 11 1 ]","00+--0+0+-++",144
280878,"[0 0 55 -165 330 0 -462 330 0 55 0 1 ]","00+-+0-+0+0+",144
267252,"[0 0 0 0 330 -462 0 330 0 -55 0 1 ]","0000+-0+0-0+",144
274245,"[0 0 0 165 330 0 -462 0 165 -55 0 1 ]","000++0-0+-0+",144
274272,"[0 0 0 165 330 0 -462 330 -165 -55 0 1 ]","000++0-+--0+",144
265887,"[0 0 0 0 0 0 462 -330 0 0 11 1 ]","000000+-00++",144
260718,"[0 0 0 -165 330 -462 0 330 165 -55 0 1 ]","000-+-0++-0+",144
270801,"[0 0 0 165 -330 462 0 0 -165 0 11 1 ]","000+-+00-0++",144
270774,"[0 0 0 165 -330 462 0 -330 165 0 11 1 ]","000+-+0-+0++",144
286047,"[0 0 55 0 0 462 0 -330 0 -55 11 1 ]","00+00+0-0-++",144
291327,"[0 0 55 165 0 -462 0 330 0 55 0 1 ]","00++0-0+0+0+",144
292581,"[0 0 55 165 0 462 0 -330 -165 -55 11 1 ]","00++0+0---++",144
285561,"[0 0 55 0 0 0 462 -330 0 -55 11 1 ]","00+000+-0-++",144
279027,"[0 0 55 -165 0 0 462 -330 165 -55 11 1 ]","00+-00+-+-++",144
279513,"[0 0 55 -165 0 462 0 -330 165 -55 11 1 ]","00+-0+0-+-++",144
293433,"[0 0 55 165 330 -462 0 0 0 55 0 1 ]","00+++-000+0+",144
284793,"[0 0 55 0 0 -462 0 330 165 55 0 1 ]","00+00-0+++0+",144
276948,"[0 0 55 -165 -330 0 462 330 -165 -55 11 1 ]","00+--0++--++",144
286926,"[0 0 55 0 330 -462 0 330 -165 55 0 1 ]","00+0+-0+-+0+",144
292095,"[0 0 55 165 0 0 462 -330 -165 -55 11 1 ]","00++00+---++",144
296619,"[0 11 -55 -165 -330 0 462 0 165 55 0 1 ]","0+---0+0++0+",144
296646,"[0 11 -55 -165 -330 0 462 330 -165 55 0 1 ]","0+---0++-+0+",144
290448,"[0 0 55 165 -330 462 0 -330 165 -55 11 1 ]","00++-+0-+-++",144
287412,"[0 0 55 0 330 0 -462 330 -165 55 0 1 ]","00+0+0-+-+0+",144
289989,"[0 0 55 165 -330 0 462 0 -165 -55 11 1 ]","00++-0+0--++",144
281646,"[0 0 55 -165 330 462 0 -330 -165 -55 11 1 ]","00+-++0---++",144
299238,"[0 11 -55 -165 0 462 0 0 -165 55 0 1 ]","0+--0+00-+0+",144
281160,"[0 0 55 -165 330 0 462 -330 -165 -55 11 1 ]","00+-+0+---++",144
279540,"[0 0 55 -165 0 462 0 0 -165 -55 11 1 ]","00+-0+00--++",144
297105,"[0 11 -55 -165 -330 462 0 0 165 55 0 1 ]","0+---+00++0+",144
277545,"[0 0 55 -165 -330 462 462 -330 0 0 -11 1 ]","00+--++-00-+",144
298725,"[0 11 -55 -165 0 0 462 -330 165 55 0 1 ]","0+--00+-++0+",144
298752,"[0 11 -55 -165 0 0 462 0 -165 55 0 1 ]","0+--00+0-+0+",144
293919,"[0 0 55 165 330 0 -462 0 0 55 0 1 ]","00+++0-00+0+",144
285279,"[0 0 55 0 0 0 -462 330 165 55 0 1 ]","00+000-+++0+",144
286899,"[0 0 55 0 330 -462 0 0 165 55 0 1 ]","00+0+-00++0+",144
290475,"[0 0 55 165 -330 462 0 0 -165 -55 11 1 ]","00++-+00--++",144
300090,"[0 11 -55 -165 330 -462 0 330 165 0 -11 1 ]","0+--+-0++0-+",144
287385,"[0 0 55 0 330 0 -462 0 165 55 0 1 ]","00+0+0-0++0+",144
305745,"[0 11 -55 0 0 462 0 -330 0 55 0 1 ]","0+-00+0-0+0+",144
283941,"[0 0 55 0 -330 462 0 0 0 -55 11 1 ]","00+0-+000-++",144
300576,"[0 11 -55 -165 330 0 -462 330 165 0 -11 1 ]","0+--+0-++0-+",144
311511,"[0 11 -55 165 0 0 -462 330 165 0 -11 1 ]","0+-+00-++0-+",144
289962,"[0 0 55 165 -330 0 462 -330 165 -55 11 1 ]","00++-0+-+-++",144
291813,"[0 0 55 165 0 0 -462 330 0 55 0 1 ]","00++00-+0+0+",144
297132,"[0 11 -55 -165 -330 462 0 330 -165 55 0 1 ]","0+---+0+-+0+",144
305259,"[0 11 -55 0 0 0 462 -330 0 55 0 1 ]","0+-000+-0+0+",144
279054,"[0 0 55 -165 0 0 462 0 -165 -55 11 1 ]","00+-00+0--++",144
299211,"[0 11 -55 -165 0 462 0 -330 165 55 0 1 ]","0+--0+0-++0+",144
309687,"[0 11 -55 165 -330 0 462 0 -165 55 0 1 ]","0+-+-0+0-+0+",144
284079,"[0 0 55 0 -330 462 462 -330 -165 0 -11 1 ]","00+0-++--0-+",144
283455,"[0 0 55 0 -330 0 462 0 0 -55 11 1 ]","00+0-0+00-++",144
301344,"[0 11 -55 -165 330 462 0 -330 -165 55 0 1 ]","0+--++0--+0+",144
311793,"[0 11 -55 165 0 0 462 -330 -165 55 0 1 ]","0+-+00+--+0+",144
300858,"[0 11 -55 -165 330 0 462 -330 -165 55 0 1 ]","0+--+0+--+0+",144
309660,"[0 11 -55 165 -330 0 462 -330 165 55 0 1 ]","0+-+-0+-++0+",144
306624,"[0 11 -55 0 330 -462 0 330 0 0 -11 1 ]","0+-0+-0+00-+",144
326298,"[0 11 0 0 330 -462 0 330 0 -55 -11 1 ]","0+00+-0+0--+",144
313158,"[0 11 -55 165 330 -462 0 330 -165 0 -11 1 ]","0+-++-0+-0-+",144
303153,"[0 11 -55 0 -330 0 462 0 0 55 0 1 ]","0+-0-0+00+0+",144
316779,"[0 11 0 -165 -330 462 0 0 165 0 0 1 ]","0+0--+00+00+",144
323313,"[0 11 0 0 -330 462 0 0 0 0 0 1 ]","0+00-+00000+",144
303639,"[0 11 -55 0 -330 462 0 0 0 55 0 1 ]","0+-0-+000+0+",144
311025,"[0 11 -55 165 0 -462 0 330 165 0 -11 1 ]","0+-+0-0++0-+",144
318426,"[0 11 0 -165 0 0 462 0 -165 0 0 1 ]","0+0-00+0-00+",144
321018,"[0 11 0 -165 330 462 0 -330 -165 0 0 1 ]","0+0-++0--00+",144
313131,"[0 11 -55 165 330 -462 0 0 165 0 -11 1 ]","0+-++-00+0-+",144
320250,"[0 11 0 -165 330 0 -462 330 165 -55 -11 1 ]","0+0-+0-++--+",144
310146,"[0 11 -55 165 -330 462 0 -330 165 55 0 1 ]","0+-+-+0-++0+",144
310173,"[0 11 -55 165 -330 462 0 0 -165 55 0 1 ]","0+-+-+00-+0+",144
318399,"[0 11 0 -165 0 0 462 -330 165 0 0 1 ]","0+0-00+-+00+",144
313644,"[0 11 -55 165 330 0 -462 330 -165 0 -11 1 ]","0+-++0-+-0-+",144
338073,"[0 11 55 -165 0 0 462 -330 165 -55 0 1 ]","0++-00+-+-0+",144
316806,"[0 11 0 -165 -330 462 0 330 -165 0 0 1 ]","0+0--+0+-00+",144
318885,"[0 11 0 -165 0 462 0 -330 165 0 0 1 ]","0+0-0+0-+00+",144
318912,"[0 11 0 -165 0 462 0 0 -165 0 0 1 ]","0+0-0+00-00+",144
333318,"[0 11 0 165 330 0 -462 330 -165 -55 -11 1 ]","0+0++0-+---+",144
331185,"[0 11 0 165 0 0 -462 330 165 -55 -11 1 ]","0+0+00-++--+",144
307110,"[0 11 -55 0 330 0 -462 330 0 0 -11 1 ]","0+-0+0-+00-+",144
312279,"[0 11 -55 165 0 462 0 -330 -165 55 0 1 ]","0+-+0+0--+0+",144
329334,"[0 11 0 165 -330 0 462 -330 165 0 0 1 ]","0+0+-0+-+00+",144
329361,"[0 11 0 165 -330 0 462 0 -165 0 0 1 ]","0+0+-0+0-00+",144
316293,"[0 11 0 -165 -330 0 462 0 165 0 0 1 ]","0+0--0+0+00+",144
316320,"[0 11 0 -165 -330 0 462 330 -165 0 0 1 ]","0+0--0++-00+",144
324933,"[0 11 0 0 0 0 462 -330 0 0 0 1 ]","0+0000+-000+",144
338100,"[0 11 55 -165 0 0 462 0 -165 -55 0 1 ]","0++-00+0--0+",144
322827,"[0 11 0 0 -330 0 462 0 0 0 0 1 ]","0+00-0+0000+",144
313617,"[0 11 -55 165 330 0 -462 0 165 0 -11 1 ]","0+-++0-0+0-+",144
320532,"[0 11 0 -165 330 0 462 -330 -165 0 0 1 ]","0+0-+0+--00+",144
335967,"[0 11 55 -165 -330 0 462 0 165 -55 0 1 ]","0++--0+0+-0+",144
331953,"[0 11 0 165 0 462 0 -330 -165 0 0 1 ]","0+0+0+0--00+",144
325419,"[0 11 0 0 0 462 0 -330 0 0 0 1 ]","0+000+0-000+",144
333291,"[0 11 0 165 330 0 -462 0 165 -55 -11 1 ]","0+0++0-0+--+",144
342501,"[0 11 55 0 -330 0 462 0 0 -55 0 1 ]","0++0-0+00-0+",144
335994,"[0 11 55 -165 -330 0 462 330 -165 -55 0 1 ]","0++--0++--0+",144
332667,"[0 11 0 165 330 -462 -462 330 165 55 11 1 ]","0+0++--+++++",144
345972,"[0 11 55 0 330 -462 0 330 -165 55 -11 1 ]","0++0+-0+-+-+",144
338586,"[0 11 55 -165 0 462 0 0 -165 -55 0 1 ]","0++-0+00--0+",144
331467,"[0 11 0 165 0 0 462 -330 -165 0 0 1 ]","0+0+00+--00+",144
319764,"[0 11 0 -165 330 -462 0 330 165 -55 -11 1 ]","0+0-+-0++--+",144
329820,"[0 11 0 165 -330 462 0 -330 165 0 0 1 ]","0+0+-+0-+00+",144
330699,"[0 11 0 165 0 -462 0 330 165 -55 -11 1 ]","0+0+0-0++--+",144
345093,"[0 11 55 0 0 462 0 -330 0 -55 0 1 ]","0++00+0-0-0+",144
338559,"[0 11 55 -165 0 462 0 -330 165 -55 0 1 ]","0++-0+0-+-0+",144
339924,"[0 11 55 -165 330 0 -462 330 0 55 -11 1 ]","0++-+0-+0+-+",144
340692,"[0 11 55 -165 330 462 0 -330 -165 -55 0 1 ]","0++-++0---0+",144
326784,"[0 11 0 0 330 0 -462 330 0 -55 -11 1 ]","0+00+0-+0--+",144
332805,"[0 11 0 165 330 -462 0 0 165 -55 -11 1 ]","0+0++-00+--+",144
332832,"[0 11 0 165 330 -462 0 330 -165 -55 -11 1 ]","0+0++-0+---+",144
329847,"[0 11 0 165 -330 462 0 0 -165 0 0 1 ]","0+0+-+00-00+",144
342987,"[0 11 55 0 -330 462 0 0 0 -55 0 1 ]","0++0-+000-0+",144
345945,"[0 11 55 0 330 -462 0 0 165 55 -11 1 ]","0++0+-00++-+",144
344607,"[0 11 55 0 0 0 462 -330 0 -55 0 1 ]","0++000+-0-0+",144
339438,"[0 11 55 -165 330 -462 0 330 0 55 -11 1 ]","0++-+-0+0+-+",144
349494,"[0 11 55 165 -330 462 0 -330 165 -55 0 1 ]","0+++-+0-+-0+",144
344325,"[0 11 55 0 0 0 -462 330 165 55 -11 1 ]","0++000-+++-+",144
343839,"[0 11 55 0 0 -462 0 330 165 55 -11 1 ]","0++00-0+++-+",144
340206,"[0 11 55 -165 330 0 462 -330 -165 -55 0 1 ]","0++-+0+---0+",144
359768,"[1 -11 -55 -165 330 0 0 0 0 55 -11 0 ]","+---+0000+-0",144
349008,"[0 11 55 165 -330 0 462 -330 165 -55 0 1 ]","0+++-0+-+-0+",144
360254,"[1 -11 -55 -165 330 462 -462 0 0 55 -11 0 ]","+---++-00+-0",144
336453,"[0 11 55 -165 -330 462 0 0 165 -55 0 1 ]","0++--+00+-0+",144
336480,"[0 11 55 -165 -330 462 0 330 -165 -55 0 1 ]","0++--+0+--0+",144
361577,"[1 -11 -55 0 -330 -462 462 330 165 55 -11 0 ]","+--0--++++-0",144
350373,"[0 11 55 165 0 -462 0 330 0 55 -11 1 ]","0+++0-0+0+-+",144
349035,"[0 11 55 165 -330 0 462 0 -165 -55 0 1 ]","0+++-0+0--0+",144
351627,"[0 11 55 165 0 462 0 -330 -165 -55 0 1 ]","0+++0+0---0+",144
351141,"[0 11 55 165 0 0 462 -330 -165 -55 0 1 ]","0+++00+---0+",144
352965,"[0 11 55 165 330 0 -462 0 0 55 -11 1 ]","0++++0-00+-+",144
364169,"[1 -11 -55 0 0 0 0 0 165 55 -11 0 ]","+--00000++-0",144
357662,"[1 -11 -55 -165 0 0 0 330 0 55 -11 0 ]","+---000+0+-0",144
359144,"[1 -11 -55 -165 330 -462 0 330 165 0 11 0 ]","+---+-0++0+0",144
365678,"[1 -11 -55 0 330 -462 0 330 0 0 11 0 ]","+--0+-0+00+0",144
369083,"[1 -11 -55 165 -330 462 -462 330 0 55 -11 0 ]","+--+-+-+0+-0",144
350859,"[0 11 55 165 0 0 -462 330 0 55 -11 1 ]","0+++00-+0+-+",144
346458,"[0 11 55 0 330 0 -462 330 -165 55 -11 1 ]","0++0+0-+-+-+",144
370079,"[1 -11 -55 165 0 -462 0 330 165 0 11 0 ]","+--+0-0++0+0",144
359630,"[1 -11 -55 -165 330 0 -462 330 165 0 11 0 ]","+---+0-++0+0",144
363683,"[1 -11 -55 0 0 -462 462 0 165 55 -11 0 ]","+--00-+0++-0",144
363710,"[1 -11 -55 0 0 -462 462 330 -165 55 -11 0 ]","+--00-++-+-0",144
356324,"[1 -11 -55 -165 -330 462 462 0 -165 -55 0 0 ]","+----++0--00",144
349521,"[0 11 55 165 -330 462 0 0 -165 -55 0 1 ]","0+++-+00--0+",144
365816,"[1 -11 -55 0 330 -462 462 0 -165 55 -11 0 ]","+--0+-+0-+-0",144
356297,"[1 -11 -55 -165 -330 462 462 -330 165 -55 0 0 ]","+----++-+-00",144
366761,"[1 -11 -55 0 330 462 -462 -330 165 55 -11 0 ]","+--0++--++-0",144
346431,"[0 11 55 0 330 0 -462 0 165 55 -11 1 ]","0++0+0-0++-+",144
372809,"[1 -11 -55 165 330 0 0 -330 0 55 -11 0 ]","+--++00-0+-0",144
366788,"[1 -11 -55 0 330 462 -462 0 -165 55 -11 0 ]","+--0++-0-+-0",144
358148,"[1 -11 -55 -165 0 462 -462 330 0 55 -11 0 ]","+---0+-+0+-0",144
370217,"[1 -11 -55 165 0 -462 462 0 0 55 -11 0 ]","+--+0-+00+-0",144
370703,"[1 -11 -55 165 0 0 0 0 0 55 -11 0 ]","+--+00000+-0",144
364682,"[1 -11 -55 0 0 462 -462 330 -165 55 -11 0 ]","+--00+-+-+-0",144
366275,"[1 -11 -55 0 330 0 0 -330 165 55 -11 0 ]","+--0+00-++-0",144
366302,"[1 -11 -55 0 330 0 0 0 -165 55 -11 0 ]","+--0+000-+-0",144
372323,"[1 -11 -55 165 330 -462 462 -330 0 55 -11 0 ]","+--++-+-0+-0",144
369365,"[1 -11 -55 165 -330 462 462 -330 -165 -55 0 0 ]","+--+-++---00",144
381737,"[1 -11 0 0 -330 0 0 330 165 0 -11 0 ]","+-00-00++0-0",144
364655,"[1 -11 -55 0 0 462 -462 0 165 55 -11 0 ]","+--00+-0++-0",144
357176,"[1 -11 -55 -165 0 -462 462 330 0 55 -11 0 ]","+---0-++0+-0",144
372212,"[1 -11 -55 165 330 -462 0 330 -165 0 11 0 ]","+--++-0+-0+0",144
366164,"[1 -11 -55 0 330 0 -462 330 0 0 11 0 ]","+--0+0-+00+0",144
371189,"[1 -11 -55 165 0 462 -462 0 0 55 -11 0 ]","+--+0+-00+-0",144
362549,"[1 -11 -55 0 -330 462 -462 330 165 55 -11 0 ]","+--0-+-+++-0",144
379928,"[1 -11 0 -165 330 462 -462 0 0 0 -11 0 ]","+-0-++-000-0",144
372185,"[1 -11 -55 165 330 -462 0 0 165 0 11 0 ]","+--++-00+0+0",144
378956,"[1 -11 0 -165 330 -462 462 0 0 0 -11 0 ]","+-0-+-+000-0",144
368111,"[1 -11 -55 165 -330 -462 462 330 0 55 -11 0 ]","+--+--++0+-0",144
359282,"[1 -11 -55 -165 330 -462 462 0 0 55 -11 0 ]","+---+-+00+-0",144
381251,"[1 -11 0 0 -330 -462 462 330 165 0 -11 0 ]","+-00--+++0-0",144
364196,"[1 -11 -55 0 0 0 0 330 -165 55 -11 0 ]","+--0000+-+-0",144
365789,"[1 -11 -55 0 330 -462 462 -330 165 55 -11 0 ]","+--0+-+-++-0",144
372671,"[1 -11 -55 165 330 0 -462 0 165 0 11 0 ]","+--++0-0+0+0",144
372698,"[1 -11 -55 165 330 0 -462 330 -165 0 11 0 ]","+--++0-+-0+0",144
368597,"[1 -11 -55 165 -330 0 0 330 0 55 -11 0 ]","+--+-00+0+-0",144
375971,"[1 -11 0 -165 -330 462 462 -330 0 55 0 0 ]","+-0--++-0+00",144
379442,"[1 -11 0 -165 330 0 0 0 0 0 -11 0 ]","+-0-+00000-0",144
388271,"[1 -11 0 165 -330 0 0 330 0 0 -11 0 ]","+-0+-00+00-0",144
352479,"[0 11 55 165 330 -462 0 0 0 55 -11 1 ]","0++++-000+-+",144
362063,"[1 -11 -55 0 -330 0 0 330 165 55 -11 0 ]","+--0-00+++-0",144
370565,"[1 -11 -55 165 0 0 -462 330 165 0 11 0 ]","+--+00-++0+0",144
385949,"[1 -11 0 0 330 0 0 -330 165 0 -11 0 ]","+-00+00-+0-0",144
382223,"[1 -11 0 0 -330 462 -462 330 165 0 -11 0 ]","+-00-+-++0-0",144
392345,"[1 -11 0 165 330 0 -462 0 165 -55 11 0 ]","+-0++0-0+-+0",144
388757,"[1 -11 0 165 -330 462 -462 330 0 0 -11 0 ]","+-0+-+-+00-0",144
378818,"[1 -11 0 -165 330 -462 0 330 165 -55 11 0 ]","+-0-+-0++-+0",144
390377,"[1 -11 0 165 0 0 0 0 0 0 -11 0 ]","+-0+000000-0",144
377822,"[1 -11 0 -165 0 462 -462 330 0 0 -11 0 ]","+-0-0+-+00-0",144
358430,"[1 -11 -55 -165 0 462 462 -330 -165 -55 0 0 ]","+---0++---00",144
385352,"[1 -11 0 0 330 -462 0 330 0 -55 11 0 ]","+-00+-0+0-+0",144
379304,"[1 -11 0 -165 330 0 -462 330 165 -55 11 0 ]","+-0-+0-++-+0",144
382505,"[1 -11 0 0 -330 462 462 -330 -165 55 0 0 ]","+-00-++--+00",144
352341,"[0 11 55 165 330 -462 -462 330 165 0 11 1 ]","0++++--++0++",144
404003,"[1 -11 55 0 0 462 -462 0 165 -55 -11 0 ]","+-+00+-0+--0",144
404030,"[1 -11 55 0 0 462 -462 330 -165 -55 -11 0 ]","+-+00+-+---0",144
390239,"[1 -11 0 165 0 0 -462 330 165 -55 11 0 ]","+-0+00-++-+0",144
385490,"[1 -11 0 0 330 -462 462 0 -165 0 -11 0 ]","+-00+-+0-0-0",144
401411,"[1 -11 55 0 -330 0 0 330 165 -55 -11 0 ]","+-+0-00++--0",144
397010,"[1 -11 55 -165 0 0 0 330 0 -55 -11 0 ]","+-+-000+0--0",144
383357,"[1 -11 0 0 0 -462 462 0 165 0 -11 0 ]","+-000-+0+0-0",144
385463,"[1 -11 0 0 330 -462 462 -330 165 0 -11 0 ]","+-00+-+-+0-0",144
392372,"[1 -11 0 165 330 0 -462 330 -165 -55 11 0 ]","+-0++0-+--+0",144
373295,"[1 -11 -55 165 330 462 -462 -330 0 55 -11 0 ]","+--+++--0+-0",144
377336,"[1 -11 0 -165 0 0 0 330 0 0 -11 0 ]","+-0-000+00-0",144
376850,"[1 -11 0 -165 0 -462 462 330 0 0 -11 0 ]","+-0-0-++00-0",144
401897,"[1 -11 55 0 -330 462 -462 330 165 -55 -11 0 ]","+-+0-+-++--0",144
384329,"[1 -11 0 0 0 462 -462 0 165 0 -11 0 ]","+-000+-0+0-0",144
390863,"[1 -11 0 165 0 462 -462 0 0 0 -11 0 ]","+-0+0+-000-0",144
384356,"[1 -11 0 0 0 462 -462 330 -165 0 -11 0 ]","+-000+-+-0-0",144
402179,"[1 -11 55 0 -330 462 462 -330 -165 0 0 0 ]","+-+0-++--000",144
362831,"[1 -11 -55 0 -330 462 462 -330 0 -55 0 0 ]","+--0-++-0-00",144
385976,"[1 -11 0 0 330 0 0 0 -165 0 -11 0 ]","+-00+000-0-0",144
403517,"[1 -11 55 0 0 0 0 0 165 -55 -11 0 ]","+-+00000+--0",144
385838,"[1 -11 0 0 330 0 -462 330 0 -55 11 0 ]","+-00+0-+0-+0",144
383843,"[1 -11 0 0 0 0 0 0 165 0 -11 0 ]","+-000000+0-0",144
383870,"[1 -11 0 0 0 0 0 330 -165 0 -11 0 ]","+-00000+-0-0",144
383384,"[1 -11 0 0 0 -462 462 330 -165 0 -11 0 ]","+-000-++-0-0",144
386435,"[1 -11 0 0 330 462 -462 -330 165 0 -11 0 ]","+-00++--+0-0",144
386462,"[1 -11 0 0 330 462 -462 0 -165 0 -11 0 ]","+-00++-0-0-0",144
407459,"[1 -11 55 165 -330 -462 462 330 0 -55 -11 0 ]","+-++--++0--0",144
387785,"[1 -11 0 165 -330 -462 462 330 0 0 -11 0 ]","+-0+--++00-0",144
395645,"[1 -11 55 -165 -330 462 462 -330 0 0 0 0 ]","+-+--++-0000",144
392969,"[1 -11 0 165 330 462 -462 -330 0 0 -11 0 ]","+-0+++--00-0",144
389753,"[1 -11 0 165 0 -462 0 330 165 -55 11 0 ]","+-0+0-0++-+0",144
411533,"[1 -11 55 165 330 -462 0 0 0 55 11 0 ]","+-+++-000++0",144
403544,"[1 -11 55 0 0 0 0 330 -165 -55 -11 0 ]","+-+0000+---0",144
412157,"[1 -11 55 165 330 0 0 -330 0 -55 -11 0 ]","+-+++00-0--0",144
398630,"[1 -11 55 -165 330 -462 462 0 0 -55 -11 0 ]","+-+-+-+00--0",144
412019,"[1 -11 55 165 330 0 -462 0 0 55 11 0 ]","+-+++0-00++0",144
391997,"[1 -11 0 165 330 -462 462 -330 0 0 -11 0 ]","+-0++-+-00-0",144
402893,"[1 -11 55 0 0 -462 0 330 165 55 11 0 ]","+-+00-0++++0",144
417311,"[1 0 -55 -165 0 462 0 -330 165 55 11 0 ]","+0--0+0-+++0",144
405623,"[1 -11 55 0 330 0 0 -330 165 -55 -11 0 ]","+-+0+00-+--0",144
389891,"[1 -11 0 165 0 -462 462 0 0 0 -11 0 ]","+-0+0-+000-0",144
405137,"[1 -11 55 0 330 -462 462 -330 165 -55 -11 0 ]","+-+0+-+-+--0",144
417476,"[1 0 -55 -165 0 462 462 -330 -165 -55 -11 0 ]","+0--0++----0",144
404999,"[1 -11 55 0 330 -462 0 0 165 55 11 0 ]","+-+0+-00+++0",144
407945,"[1 -11 55 165 -330 0 0 330 0 -55 -11 0 ]","+-++-00+0--0",144
405650,"[1 -11 55 0 330 0 0 0 -165 -55 -11 0 ]","+-+0+000---0",144
400925,"[1 -11 55 0 -330 -462 462 330 165 -55 -11 0 ]","+-+0--+++--0",144
397496,"[1 -11 55 -165 0 462 -462 330 0 -55 -11 0 ]","+-+-0+-+0--0",144
405164,"[1 -11 55 0 330 -462 462 0 -165 -55 -11 0 ]","+-+0+-+0---0",144
405026,"[1 -11 55 0 330 -462 0 330 -165 55 11 0 ]","+-+0+-0+-++0",144
405512,"[1 -11 55 0 330 0 -462 330 -165 55 11 0 ]","+-+0+0-+-++0",144
403031,"[1 -11 55 0 0 -462 462 0 165 -55 -11 0 ]","+-+00-+0+--0",144
391859,"[1 -11 0 165 330 -462 0 0 165 -55 11 0 ]","+-0++-00+-+0",144
392483,"[1 -11 0 165 330 0 0 -330 0 0 -11 0 ]","+-0++00-00-0",144
405485,"[1 -11 55 0 330 0 -462 0 165 55 11 0 ]","+-+0+0-0+++0",144
415205,"[1 0 -55 -165 -330 462 0 0 165 55 11 0 ]","+0---+00+++0",144
415232,"[1 0 -55 -165 -330 462 0 330 -165 55 11 0 ]","+0---+0+-++0",144
416852,"[1 0 -55 -165 0 0 462 0 -165 55 11 0 ]","+0--00+0-++0",144
396524,"[1 -11 55 -165 0 -462 462 330 0 -55 -11 0 ]","+-+-0-++0--0",144
403379,"[1 -11 55 0 0 0 -462 330 165 55 11 0 ]","+-+000-++++0",144
412643,"[1 -11 55 165 330 462 -462 -330 0 -55 -11 0 ]","+-++++--0--0",144
403058,"[1 -11 55 0 0 -462 462 330 -165 -55 -11 0 ]","+-+00-++---0",144
410537,"[1 -11 55 165 0 462 -462 0 0 -55 -11 0 ]","+-++0+-00--0",144
415343,"[1 0 -55 -165 -330 462 462 -330 165 -55 -11 0 ]","+0---++-+--0",144
438632,"[1 0 0 -165 330 0 462 -330 -165 0 11 0 ]","+00-+0+--0+0",144
391886,"[1 -11 0 165 330 -462 0 330 -165 -55 11 0 ]","+-0++-0+--+0",144
414719,"[1 0 -55 -165 -330 0 462 0 165 55 11 0 ]","+0---0+0+++0",144
409565,"[1 -11 55 165 0 -462 462 0 0 -55 -11 0 ]","+-++0-+00--0",144
399602,"[1 -11 55 -165 330 462 -462 0 0 -55 -11 0 ]","+-+-++-00--0",144
398978,"[1 -11 55 -165 330 0 -462 330 0 55 11 0 ]","+-+-+0-+0++0",144
408431,"[1 -11 55 165 -330 462 -462 330 0 -55 -11 0 ]","+-++-+-+0--0",144
409427,"[1 -11 55 165 0 -462 0 330 0 55 11 0 ]","+-++0-0+0++0",144
418958,"[1 0 -55 -165 330 0 462 -330 -165 55 11 0 ]","+0--+0+--++0",144
421739,"[1 0 -55 0 -330 462 0 0 0 55 11 0 ]","+0-0-+000++0",144
421877,"[1 0 -55 0 -330 462 462 -330 0 -55 -11 0 ]","+0-0-++-0--0",144
436526,"[1 0 0 -165 0 0 462 0 -165 0 11 0 ]","+00-00+0-0+0",144
418676,"[1 0 -55 -165 330 0 -462 330 165 0 0 0 ]","+0--+0-++000",144
406109,"[1 -11 55 0 330 462 -462 -330 165 -55 -11 0 ]","+-+0++--+--0",144
416825,"[1 0 -55 -165 0 0 462 -330 165 55 11 0 ]","+0--00+-+++0",144
410051,"[1 -11 55 165 0 0 0 0 0 -55 -11 0 ]","+-++00000--0",144
399116,"[1 -11 55 -165 330 0 0 0 0 -55 -11 0 ]","+-+-+0000--0",144
414746,"[1 0 -55 -165 -330 0 462 330 -165 55 11 0 ]","+0---0++-++0",144
398492,"[1 -11 55 -165 330 -462 0 330 0 55 11 0 ]","+-+-+-0+0++0",144
437012,"[1 0 0 -165 0 462 0 0 -165 0 11 0 ]","+00-0+00-0+0",144
419444,"[1 0 -55 -165 330 462 0 -330 -165 55 11 0 ]","+0--++0--++0",144
406136,"[1 -11 55 0 330 462 -462 0 -165 -55 -11 0 ]","+-+0++-0---0",144
423359,"[1 0 -55 0 0 0 462 -330 0 55 11 0 ]","+0-000+-0++0",144
436499,"[1 0 0 -165 0 0 462 -330 165 0 11 0 ]","+00-00+-+0+0",144
436985,"[1 0 0 -165 0 462 0 -330 165 0 11 0 ]","+00-0+0-+0+0",144
424724,"[1 0 -55 0 330 -462 0 330 0 0 0 0 ]","+0-0+-0+0000",144
423845,"[1 0 -55 0 0 462 0 -330 0 55 11 0 ]","+0-00+0-0++0",144
411671,"[1 -11 55 165 330 -462 462 -330 0 -55 -11 0 ]","+-+++-+-0--0",144
431231,"[1 0 -55 165 330 -462 0 0 165 0 0 0 ]","+0-++-00+000",144
443033,"[1 0 0 0 0 0 462 -330 0 0 11 0 ]","+00000+-00+0",144
409913,"[1 -11 55 165 0 0 -462 330 0 55 11 0 ]","+-++00-+0++0",144
425210,"[1 0 -55 0 330 0 -462 330 0 0 0 0 ]","+0-0+0-+0000",144
417338,"[1 0 -55 -165 0 462 0 0 -165 55 11 0 ]","+0--0+00-++0",144
428246,"[1 0 -55 165 -330 462 0 -330 165 55 11 0 ]","+0-+-+0-+++0",144
415370,"[1 0 -55 -165 -330 462 462 0 -165 -55 -11 0 ]","+0---++0---0",144
430379,"[1 0 -55 165 0 462 0 -330 -165 55 11 0 ]","+0-+0+0--++0",144
429125,"[1 0 -55 165 0 -462 0 330 165 0 0 0 ]","+0-+0-0++000",144
428273,"[1 0 -55 165 -330 462 0 0 -165 55 11 0 ]","+0-+-+00-++0",144
427787,"[1 0 -55 165 -330 0 462 0 -165 55 11 0 ]","+0-+-0+0-++0",144
437864,"[1 0 0 -165 330 -462 0 330 165 -55 0 0 ]","+00-+-0++-00",144
427760,"[1 0 -55 165 -330 0 462 -330 165 55 11 0 ]","+0-+-0+-+++0",144
444884,"[1 0 0 0 330 0 -462 330 0 -55 0 0 ]","+000+0-+0-00",144
444398,"[1 0 0 0 330 -462 0 330 0 -55 0 0 ]","+000+-0+0-00",144
440927,"[1 0 0 0 -330 0 462 0 0 0 11 0 ]","+000-0+000+0",144
434879,"[1 0 0 -165 -330 462 0 0 165 0 11 0 ]","+00--+00+0+0",144
421253,"[1 0 -55 0 -330 0 462 0 0 55 11 0 ]","+0-0-0+00++0",144
435017,"[1 0 0 -165 -330 462 462 -330 0 55 -11 0 ]","+00--++-0+-0",144
429893,"[1 0 -55 165 0 0 462 -330 -165 55 11 0 ]","+0-+00+--++0",144
462707,"[1 0 55 0 0 0 462 -330 0 -55 11 0 ]","+0+000+-0-+0",144
428411,"[1 0 -55 165 -330 462 462 -330 -165 -55 -11 0 ]","+0-+-++----0",144
429611,"[1 0 -55 165 0 0 -462 330 165 0 0 0 ]","+0-+00-++000",144
451391,"[1 0 0 165 330 0 -462 0 165 -55 0 0 ]","+00++0-0+-00",144
434906,"[1 0 0 -165 -330 462 0 330 -165 0 11 0 ]","+00--+0+-0+0",144
439118,"[1 0 0 -165 330 462 0 -330 -165 0 11 0 ]","+00-++0--0+0",144
418190,"[1 0 -55 -165 330 -462 0 330 165 0 0 0 ]","+0--+-0++000",144
431258,"[1 0 -55 165 330 -462 0 330 -165 0 0 0 ]","+0-++-0+-000",144
451418,"[1 0 0 165 330 0 -462 330 -165 -55 0 0 ]","+00++0-+--00",144
457538,"[1 0 55 -165 330 -462 0 330 0 55 0 0 ]","+0+-+-0+0+00",144
441413,"[1 0 0 0 -330 462 0 0 0 0 11 0 ]","+000-+0000+0",144
438350,"[1 0 0 -165 330 0 -462 330 165 -55 0 0 ]","+00-+0-++-00",144
443519,"[1 0 0 0 0 462 0 -330 0 0 11 0 ]","+0000+0-00+0",144
441551,"[1 0 0 0 -330 462 462 -330 -165 55 -11 0 ]","+000-++--+-0",144
450932,"[1 0 0 165 330 -462 0 330 -165 -55 0 0 ]","+00++-0+--00",144
464558,"[1 0 55 0 330 0 -462 330 -165 55 0 0 ]","+0+0+0-+-+00",144
434393,"[1 0 0 -165 -330 0 462 0 165 0 11 0 ]","+00--0+0+0+0",144
450053,"[1 0 0 165 0 462 0 -330 -165 0 11 0 ]","+00+0+0--0+0",144
460601,"[1 0 55 0 -330 0 462 0 0 -55 11 0 ]","+0+0-0+00-+0",144
454067,"[1 0 55 -165 -330 0 462 0 165 -55 11 0 ]","+0+--0+0+-+0",144
447461,"[1 0 0 165 -330 0 462 0 -165 0 11 0 ]","+00+-0+0-0+0",144
450905,"[1 0 0 165 330 -462 0 0 165 -55 0 0 ]","+00++-00+-00",144
480785,"[1 11 -55 0 -330 462 0 0 0 55 0 0 ]","++-0-+000+00",144
456173,"[1 0 55 -165 0 0 462 -330 165 -55 11 0 ]","+0+-00+-+-+0",144
447947,"[1 0 0 165 -330 462 0 0 -165 0 11 0 ]","+00+-+00-0+0",144
456200,"[1 0 55 -165 0 0 462 0 -165 -55 11 0 ]","+0+-00+0--+0",144
471065,"[1 0 55 165 330 0 -462 0 0 55 0 0 ]","+0+++0-00+00",144
461225,"[1 0 55 0 -330 462 462 -330 -165 0 -11 0 ]","+0+0-++--0-0",144
431717,"[1 0 -55 165 330 0 -462 0 165 0 0 0 ]","+0-++0-0+000",144
431744,"[1 0 -55 165 330 0 -462 330 -165 0 0 0 ]","+0-++0-+-000",144
476357,"[1 11 -55 -165 0 462 0 -330 165 55 0 0 ]","++--0+0-++00",144
476384,"[1 11 -55 -165 0 462 0 0 -165 55 0 0 ]","++--0+00-+00",144
458306,"[1 0 55 -165 330 0 462 -330 -165 -55 11 0 ]","+0+-+0+---+0",144
458792,"[1 0 55 -165 330 462 0 -330 -165 -55 11 0 ]","+0+-++0---+0",144
434420,"[1 0 0 -165 -330 0 462 330 -165 0 11 0 ]","+00--0++-0+0",144
447434,"[1 0 0 165 -330 0 462 -330 165 0 11 0 ]","+00+-0+-+0+0",144
463193,"[1 0 55 0 0 462 0 -330 0 -55 11 0 ]","+0+00+0-0-+0",144
447920,"[1 0 0 165 -330 462 0 -330 165 0 11 0 ]","+00+-+0-+0+0",144
454691,"[1 0 55 -165 -330 462 462 -330 0 0 -11 0 ]","+0+--++-00-0",144
448799,"[1 0 0 165 0 -462 0 330 165 -55 0 0 ]","+00+0-0++-00",144
464045,"[1 0 55 0 330 -462 0 0 165 55 0 0 ]","+0+0+-00++00",144
456686,"[1 0 55 -165 0 462 0 0 -165 -55 11 0 ]","+0+-0+00--+0",144
449285,"[1 0 0 165 0 0 -462 330 165 -55 0 0 ]","+00+00-++-00",144
454553,"[1 0 55 -165 -330 462 0 0 165 -55 11 0 ]","+0+--+00+-+0",144
475898,"[1 11 -55 -165 0 0 462 0 -165 55 0 0 ]","++--00+0-+00",144
449567,"[1 0 0 165 0 0 462 -330 -165 0 11 0 ]","+00+00+--0+0",144
461087,"[1 0 55 0 -330 462 0 0 0 -55 11 0 ]","+0+0-+000-+0",144
461939,"[1 0 55 0 0 -462 0 330 165 55 0 0 ]","+0+00-0+++00",144
478490,"[1 11 -55 -165 330 462 0 -330 -165 55 0 0 ]","++--++0--+00",144
456659,"[1 0 55 -165 0 462 0 -330 165 -55 11 0 ]","+0+-0+0-+-+0",144
483770,"[1 11 -55 0 330 -462 0 330 0 0 -11 0 ]","++-0+-0+00-0",144
475871,"[1 11 -55 -165 0 0 462 -330 165 55 0 0 ]","++--00+-++00",144
454094,"[1 0 55 -165 -330 0 462 330 -165 -55 11 0 ]","+0+--0++--+0",144
462425,"[1 0 55 0 0 0 -462 330 165 55 0 0 ]","+0+000-+++00",144
458024,"[1 0 55 -165 330 0 -462 330 0 55 0 0 ]","+0+-+0-+0+00",144
469727,"[1 0 55 165 0 462 0 -330 -165 -55 11 0 ]","+0++0+0---+0",144
474278,"[1 11 -55 -165 -330 462 0 330 -165 55 0 0 ]","++---+0+-+00",144
482891,"[1 11 -55 0 0 462 0 -330 0 55 0 0 ]","++-00+0-0+00",144
467621,"[1 0 55 165 -330 462 0 0 -165 -55 11 0 ]","+0++-+00--+0",144
454580,"[1 0 55 -165 -330 462 0 330 -165 -55 11 0 ]","+0+--+0+--+0",144
493925,"[1 11 0 -165 -330 462 0 0 165 0 0 0 ]","++0--+00+000",144
493952,"[1 11 0 -165 -330 462 0 330 -165 0 0 0 ]","++0--+0+-000",144
480299,"[1 11 -55 0 -330 0 462 0 0 55 0 0 ]","++-0-0+00+00",144
488171,"[1 11 -55 165 0 -462 0 330 165 0 -11 0 ]","++-+0-0++0-0",144
464072,"[1 0 55 0 330 -462 0 330 -165 55 0 0 ]","+0+0+-0+-+00",144
469241,"[1 0 55 165 0 0 462 -330 -165 -55 11 0 ]","+0++00+---+0",144
499973,"[1 11 0 0 -330 0 462 0 0 0 0 0 ]","++00-0+00000",144
502079,"[1 11 0 0 0 0 462 -330 0 0 0 0 ]","++0000+-0000",144
464531,"[1 0 55 0 330 0 -462 0 165 55 0 0 ]","+0+0+0-0++00",144
488657,"[1 11 -55 165 0 0 -462 330 165 0 -11 0 ]","++-+00-++0-0",144
474251,"[1 11 -55 -165 -330 462 0 0 165 55 0 0 ]","++---+00++00",144
477236,"[1 11 -55 -165 330 -462 0 330 165 0 -11 0 ]","++--+-0++0-0",144
496910,"[1 11 0 -165 330 -462 0 330 165 -55 -11 0 ]","++0-+-0++--0",144
482405,"[1 11 -55 0 0 0 462 -330 0 55 0 0 ]","++-000+-0+00",144
497678,"[1 11 0 -165 330 0 462 -330 -165 0 0 0 ]","++0-+0+--000",144
468473,"[1 0 55 165 0 -462 0 330 0 55 0 0 ]","+0++0-0+0+00",144
484256,"[1 11 -55 0 330 0 -462 330 0 0 -11 0 ]","++-0+0-+00-0",144
490277,"[1 11 -55 165 330 -462 0 0 165 0 -11 0 ]","++-++-00+0-0",144
490304,"[1 11 -55 165 330 -462 0 330 -165 0 -11 0 ]","++-++-0+-0-0",144
496058,"[1 11 0 -165 0 462 0 0 -165 0 0 0 ]","++0-0+00-000",144
496031,"[1 11 0 -165 0 462 0 -330 165 0 0 0 ]","++0-0+0-+000",144
470579,"[1 0 55 165 330 -462 0 0 0 55 0 0 ]","+0+++-000+00",144
467108,"[1 0 55 165 -330 0 462 -330 165 -55 11 0 ]","+0++-0+-+-+0",144
467135,"[1 0 55 165 -330 0 462 0 -165 -55 11 0 ]","+0++-0+0--+0",144
468959,"[1 0 55 165 0 0 -462 330 0 55 0 0 ]","+0++00-+0+00",144
513599,"[1 11 55 -165 -330 462 0 0 165 -55 0 0 ]","+++--+00+-00",144
467594,"[1 0 55 165 -330 462 0 -330 165 -55 11 0 ]","+0++-+0-+-+0",144
487319,"[1 11 -55 165 -330 462 0 0 -165 55 0 0 ]","++-+-+00-+00",144
513626,"[1 11 55 -165 -330 462 0 330 -165 -55 0 0 ]","+++--+0+--00",144
473765,"[1 11 -55 -165 -330 0 462 0 165 55 0 0 ]","++---0+0++00",144
473792,"[1 11 -55 -165 -330 0 462 330 -165 55 0 0 ]","++---0++-+00",144
478004,"[1 11 -55 -165 330 0 462 -330 -165 55 0 0 ]","++--+0+--+00",144
509099,"[1 11 0 165 0 462 0 -330 -165 0 0 0 ]","++0+0+0--000",144
489425,"[1 11 -55 165 0 462 0 -330 -165 55 0 0 ]","++-+0+0--+00",144
490790,"[1 11 -55 165 330 0 -462 330 -165 0 -11 0 ]","++-++0-+-0-0",144
515246,"[1 11 55 -165 0 0 462 0 -165 -55 0 0 ]","+++-00+0--00",144
509978,"[1 11 0 165 330 -462 0 330 -165 -55 -11 0 ]","++0++-0+---0",144
487292,"[1 11 -55 165 -330 462 0 -330 165 55 0 0 ]","++-+-+0-++00",144
515219,"[1 11 55 -165 0 0 462 -330 165 -55 0 0 ]","+++-00+-+-00",144
486806,"[1 11 -55 165 -330 0 462 -330 165 55 0 0 ]","++-+-0+-++00",144
500459,"[1 11 0 0 -330 462 0 0 0 0 0 0 ]","++00-+000000",144
486833,"[1 11 -55 165 -330 0 462 0 -165 55 0 0 ]","++-+-0+0-+00",144
513113,"[1 11 55 -165 -330 0 462 0 165 -55 0 0 ]","+++--0+0+-00",144
507845,"[1 11 0 165 0 -462 0 330 165 -55 -11 0 ]","++0+0-0++--0",144
488939,"[1 11 -55 165 0 0 462 -330 -165 55 0 0 ]","++-+00+--+00",144
515732,"[1 11 55 -165 0 462 0 0 -165 -55 0 0 ]","+++-0+00--00",144
477722,"[1 11 -55 -165 330 0 -462 330 165 0 -11 0 ]","++--+0-++0-0",144
502565,"[1 11 0 0 0 462 0 -330 0 0 0 0 ]","++000+0-0000",144
516584,"[1 11 55 -165 330 -462 0 330 0 55 -11 0 ]","+++-+-0+0+-0",144
513140,"[1 11 55 -165 -330 0 462 330 -165 -55 0 0 ]","+++--0++--00",144
493466,"[1 11 0 -165 -330 0 462 330 -165 0 0 0 ]","++0--0++-000",144
490763,"[1 11 -55 165 330 0 -462 0 165 0 -11 0 ]","++-++0-0+0-0",144
503444,"[1 11 0 0 330 -462 0 330 0 -55 -11 0 ]","++00+-0+0--0",144
498164,"[1 11 0 -165 330 462 0 -330 -165 0 0 0 ]","++0-++0--000",144
529625,"[1 11 55 165 330 -462 0 0 0 55 -11 0 ]","+++++-000+-0",144
517838,"[1 11 55 -165 330 462 0 -330 -165 -55 0 0 ]","+++-++0---00",144
528287,"[1 11 55 165 0 0 462 -330 -165 -55 0 0 ]","++++00+---00",144
521753,"[1 11 55 0 0 0 462 -330 0 -55 0 0 ]","+++000+-0-00",144
515705,"[1 11 55 -165 0 462 0 -330 165 -55 0 0 ]","+++-0+0-+-00",144
508331,"[1 11 0 165 0 0 -462 330 165 -55 -11 0 ]","++0+00-++--0",144
508613,"[1 11 0 165 0 0 462 -330 -165 0 0 0 ]","++0+00+--000",144
529487,"[1 11 55 165 330 -462 -462 330 165 0 11 0 ]","+++++--++0+0",144
520133,"[1 11 55 0 -330 462 0 0 0 -55 0 0 ]","+++0-+000-00",144
527519,"[1 11 55 165 0 -462 0 330 0 55 -11 0 ]","++++0-0+0+-0",144
526154,"[1 11 55 165 -330 0 462 -330 165 -55 0 0 ]","++++-0+-+-00",144
526181,"[1 11 55 165 -330 0 462 0 -165 -55 0 0 ]","++++-0+0--00",144
495545,"[1 11 0 -165 0 0 462 -330 165 0 0 0 ]","++0-00+-+000",144
509951,"[1 11 0 165 330 -462 0 0 165 -55 -11 0 ]","++0++-00+--0",144
509813,"[1 11 0 165 330 -462 -462 330 165 55 11 0 ]","++0++--++++0",144
528773,"[1 11 55 165 0 462 0 -330 -165 -55 0 0 ]","++++0+0---00",144
503930,"[1 11 0 0 330 0 -462 330 0 -55 -11 0 ]","++00+0-+0--0",144
495572,"[1 11 0 -165 0 0 462 0 -165 0 0 0 ]","++0-00+0-000",144
493439,"[1 11 0 -165 -330 0 462 0 165 0 0 0 ]","++0--0+0+000",144
497396,"[1 11 0 -165 330 0 -462 330 165 -55 -11 0 ]","++0-+0-++--0",144
519647,"[1 11 55 0 -330 0 462 0 0 -55 0 0 ]","+++0-0+00-00",144
506507,"[1 11 0 165 -330 0 462 0 -165 0 0 0 ]","++0+-0+0-000",144
523091,"[1 11 55 0 330 -462 0 0 165 55 -11 0 ]","+++0+-00++-0",144
523604,"[1 11 55 0 330 0 -462 330 -165 55 -11 0 ]","+++0+0-+-+-0",144
510437,"[1 11 0 165 330 0 -462 0 165 -55 -11 0 ]","++0++0-0+--0",144
510464,"[1 11 0 165 330 0 -462 330 -165 -55 -11 0 ]","++0++0-+---0",144
523577,"[1 11 55 0 330 0 -462 0 165 55 -11 0 ]","+++0+0-0++-0",144
530111,"[1 11 55 165 330 0 -462 0 0 55 -11 0 ]","+++++0-00+-0",144
506480,"[1 11 0 165 -330 0 462 -330 165 0 0 0 ]","++0+-0+-+000",144
520985,"[1 11 55 0 0 -462 0 330 165 55 -11 0 ]","+++00-0+++-0",144
523118,"[1 11 55 0 330 -462 0 330 -165 55 -11 0 ]","+++0+-0+-+-0",144
517070,"[1 11 55 -165 330 0 -462 330 0 55 -11 0 ]","+++-+0-+0+-0",144
526640,"[1 11 55 165 -330 462 0 -330 165 -55 0 0 ]","++++-+0-+-00",144
528005,"[1 11 55 165 0 0 -462 330 0 55 -11 0 ]","++++00-+0+-0",144
526667,"[1 11 55 165 -330 462 0 0 -165 -55 0 0 ]","++++-+00--00",144
506966,"[1 11 0 165 -330 462 0 -330 165 0 0 0 ]","++0+-+0-+000",144
522239,"[1 11 55 0 0 462 0 -330 0 -55 0 0 ]","+++00+0-0-00",144
517352,"[1 11 55 -165 330 0 462 -330 -165 -55 0 0 ]","+++-+0+---00",144
506993,"[1 11 0 165 -330 462 0 0 -165 0 0 0 ]","++0+-+00-000",144
521471,"[1 11 55 0 0 0 -462 330 165 55 -11 0 ]","+++000-+++-0",144
